,anomaly_type,type,is_clustered,ready,pre_script_start,pre_script_end,submit,stage_in_start,stage_in_end,stage_in_effective_bytes_per_sec,execute_start,execute_end,stage_out_start,stage_out_end,stage_out_effective_bytes_per_sec,post_script_start,post_script_end,wms_delay,pre_script_delay,queue_delay,runtime,post_script_delay,stage_in_delay,stage_in_bytes,stage_out_delay,stage_out_bytes,kickstart_user,kickstart_site,kickstart_hostname,kickstart_transformations,kickstart_executables,kickstart_executables_argv,kickstart_executables_cpu_time,kickstart_status,kickstart_executables_exitcode,kickstart_online_iowait,kickstart_online_bytes_read,kickstart_online_bytes_written,kickstart_online_read_system_calls,kickstart_online_write_system_calls,kickstart_online_utime,kickstart_online_stime,kickstart_online_bytes_read_per_second,kickstart_online_bytes_written_per_second
create_dir_casa-nowcast-small_0_condorpool,None,auxiliary,0,1708143639.0,,,1708143640.0,,,0.0,1708143644.0,1708143650.0,,,0.0,1708143650.0,1708143655.0,1.0,,4.0,6.0,5.0,,,,,poseidon,local,poseidon-submit,pegasus::dirmanager,/mnt/poseidon-data/poseidon/pegasus-5.1.0panorama/bin/pegasus-transfer,pegasus-kickstart  -n pegasus::dirmanager -N null -i - -R local  -L casa-nowcast-small -T 2024-01-31T00:08:22+00:00 pegasus-transfer,0.2,0,0,,,,,,,,,
NowcastToWDSS2_ID0000253,hdd_10,compute,0,1708143655.0,,,1708143660.0,1708143665.0,1708143689.0,29491353.5,1708143663.0,1708143806.0,1708143727.0,1708143775.0,103178.0,1708143806.0,1708143811.0,5.0,,3.0,143.0,5.0,24.0,170460244.0,48.0,5023736.0,poseidon,condorpool,poseidon-worker-2-container-36-39,NowcastToWDSS2,/opt/NowcastToWDSS2/NowcastToWDSS2,,0.0,0,0,,,,,,,,,
NowcastToWDSS2_ID0000064,None,compute,0,1708143655.0,,,1708143660.0,1708143665.0,1708143675.0,29659816.5,1708143663.0,1708143690.0,1708143681.0,1708143685.0,1271113.0,1708143690.0,1708143695.0,5.0,,3.0,27.0,5.0,10.0,170460244.0,4.0,5023736.0,poseidon,condorpool,poseidon-worker-1-container-0-3,NowcastToWDSS2,/opt/NowcastToWDSS2/NowcastToWDSS2,,0.1,0,0,,,,,,,,,
NowcastToWDSS2_ID0000001,hdd_10,compute,0,1708143655.0,,,1708143660.0,1708143665.0,1708143675.0,30513349.0,1708143663.0,1708143806.0,1708143727.0,1708143775.0,103134.0,1708143806.0,1708143811.0,5.0,,3.0,143.0,5.0,10.0,170460244.0,48.0,5023736.0,poseidon,condorpool,poseidon-worker-2-container-40-43,NowcastToWDSS2,/opt/NowcastToWDSS2/NowcastToWDSS2,,0.1,0,0,,,,,,,,,
NowcastToWDSS2_ID0000316,None,compute,0,1708143655.0,,,1708143660.0,1708143665.0,1708143675.0,30248223.5,1708143663.0,1708143690.0,1708143681.0,1708143685.0,1301097.0,1708143690.0,1708143695.0,5.0,,3.0,27.0,5.0,10.0,170460244.0,4.0,5023736.0,poseidon,condorpool,poseidon-worker-1-container-4-7,NowcastToWDSS2,/opt/NowcastToWDSS2/NowcastToWDSS2,,0.1,0,0,,,,,,,,,
NowcastToWDSS2_ID0000190,hdd_10,compute,0,1708143655.0,,,1708143660.0,1708143665.0,1708143688.0,30080873.0,1708143663.0,1708143816.0,1708143727.0,1708143769.0,119070.0,1708143816.0,1708143821.0,5.0,,3.0,153.0,5.0,23.0,170460244.0,42.0,5023736.0,poseidon,condorpool,poseidon-worker-2-container-32-35,NowcastToWDSS2,/opt/NowcastToWDSS2/NowcastToWDSS2,,0.0,0,0,,,,,,,,,
NowcastToWDSS2_ID0000127,None,compute,0,1708143655.0,,,1708143660.0,1708143665.0,1708143675.0,29652610.5,1708143663.0,1708143816.0,1708143727.0,1708143775.0,103245.0,1708143816.0,1708143821.0,5.0,,3.0,153.0,5.0,10.0,170460244.0,48.0,5023736.0,poseidon,condorpool,poseidon-worker-2-container-0-3,NowcastToWDSS2,/opt/NowcastToWDSS2/NowcastToWDSS2,,0.1,0,0,,,,,,,,,
mrtV2_ID0000086,None,compute,0,1708143695.0,,,1708143700.0,1708143821.0,1708143955.0,3766496.0,1708143706.0,1708143982.0,1708143960.0,1708143964.0,2311.0,1708143982.0,1708143987.0,5.0,,6.0,276.0,5.0,134.0,160605089.0,4.0,9170.0,poseidon,condorpool,poseidon-worker-1-container-32-35,mrtV2,/opt/mrtV2/mrtV2,,0.1,0,0,,,,,,,,,
mrtV2_ID0000083,None,compute,0,1708143695.0,,,1708143700.0,1708143933.0,1708144160.0,1074987.1,1708143727.0,1708144207.0,1708144179.0,1708144182.0,3062.0,1708144207.0,1708144212.0,5.0,,27.0,480.0,5.0,227.0,160605089.0,3.0,10101.0,poseidon,condorpool,poseidon-worker-2-container-20-23,mrtV2,/opt/mrtV2/mrtV2,,0.1,0,0,,,,,,,,,
mrtV2_ID0000084,None,compute,0,1708143695.0,,,1708143700.0,1708143786.0,1708143861.0,3507925.6,1708143702.0,1708143962.0,1708143949.0,1708143956.0,1602.0,1708143962.0,1708143967.0,5.0,,2.0,260.0,5.0,75.0,160605089.0,7.0,10133.0,poseidon,condorpool,poseidon-worker-1-container-20-23,mrtV2,/opt/mrtV2/mrtV2,,0.1,0,0,,,,,,,,,
merged_netcdf2png_ID0000119,None,compute,0,1708143695.0,,,1708143700.0,1708143822.0,1708143955.0,1769896.2,1708143706.0,1708143982.0,1708143960.0,1708143965.0,4845.0,1708143982.0,1708143987.0,5.0,,6.0,276.0,5.0,133.0,160656166.0,5.0,21230.0,poseidon,condorpool,poseidon-worker-1-container-36-39,merged_netcdf2png,/opt/netcdf2png/merged_netcdf2png,,0.1,0,0,,,,,,,,,
merged_netcdf2png_ID0000118,None,compute,0,1708143695.0,,,1708143700.0,1708143821.0,1708143958.0,1233524.8,1708143706.0,1708144247.0,1708143964.0,1708144154.0,227.0,1708144247.0,1708144252.0,5.0,,6.0,541.0,5.0,137.0,160656166.0,190.0,43210.0,poseidon,condorpool,poseidon-worker-1-container-24-27,merged_netcdf2png,/opt/netcdf2png/merged_netcdf2png,,0.1,0,0,,,,,,,,,
mrtV2_ID0000328,hdd_10,compute,0,1708143695.0,,,1708143700.0,1708143860.0,1708144093.0,1074880.5,1708143727.0,1708144207.0,1708144146.0,1708144179.0,330.0,1708144207.0,1708144212.0,5.0,,27.0,480.0,5.0,233.0,160605089.0,33.0,10898.0,poseidon,condorpool,poseidon-worker-2-container-8-11,mrtV2,/opt/mrtV2/mrtV2,,0.1,0,0,,,,,,,,,
merged_netcdf2png_ID0000366,hdd_10,compute,0,1708143695.0,,,1708143700.0,1708143822.0,1708143957.0,1802662.9,1708143706.0,1708143987.0,1708143964.0,1708143974.0,2097.0,1708143987.0,1708143992.0,5.0,,6.0,281.0,5.0,135.0,160656166.0,10.0,22208.0,poseidon,condorpool,poseidon-worker-1-container-12-15,merged_netcdf2png,/opt/netcdf2png/merged_netcdf2png,,0.1,0,0,,,,,,,,,
merged_netcdf2png_ID0000365,None,compute,0,1708143695.0,,,1708143700.0,1708143821.0,1708143958.0,1233495.0,1708143702.0,1708143987.0,1708143964.0,1708143974.0,2185.0,1708143987.0,1708143992.0,5.0,,2.0,285.0,5.0,137.0,160656166.0,10.0,22048.0,poseidon,condorpool,poseidon-worker-1-container-4-7,merged_netcdf2png,/opt/netcdf2png/merged_netcdf2png,,0.1,0,0,,,,,,,,,
mrtV2_ID0000329,None,compute,0,1708143695.0,,,1708143700.0,1708143772.0,1708143861.0,3027671.1,1708143702.0,1708143962.0,1708143949.0,1708143956.0,1720.0,1708143962.0,1708143967.0,5.0,,2.0,260.0,5.0,89.0,160605089.0,7.0,11142.0,poseidon,condorpool,poseidon-worker-1-container-0-3,mrtV2,/opt/mrtV2/mrtV2,,0.1,0,0,,,,,,,,,
mrtV2_ID0000327,None,compute,0,1708143695.0,,,1708143700.0,1708143933.0,1708144160.0,1076779.5,1708143727.0,1708144207.0,1708144179.0,1708144182.0,3154.0,1708144207.0,1708144212.0,5.0,,27.0,480.0,5.0,227.0,160605089.0,3.0,10555.0,poseidon,condorpool,poseidon-worker-2-container-20-23,mrtV2,/opt/mrtV2/mrtV2,,0.1,0,0,,,,,,,,,
mrtV2_ID0000326,hdd_10,compute,0,1708143695.0,,,1708143700.0,1708143821.0,1708143958.0,1233008.5,1708143706.0,1708144247.0,1708143964.0,1708144154.0,112.0,1708144247.0,1708144252.0,5.0,,6.0,541.0,5.0,137.0,160605089.0,190.0,21416.0,poseidon,condorpool,poseidon-worker-1-container-28-31,mrtV2,/opt/mrtV2/mrtV2,,0.1,0,0,,,,,,,,,
merged_netcdf2png_ID0000363,None,compute,0,1708143695.0,,,1708143700.0,1708143933.0,1708144160.0,1057758.7,1708143727.0,1708144423.0,1708144179.0,1708144345.0,266.0,1708144423.0,1708144428.0,5.0,,27.0,696.0,5.0,227.0,160656166.0,166.0,44152.0,poseidon,condorpool,poseidon-worker-2-container-16-19,merged_netcdf2png,/opt/netcdf2png/merged_netcdf2png,,0.1,0,0,,,,,,,,,
mrtV2_ID0000085,hdd_10,compute,0,1708143695.0,,,1708143700.0,1708143933.0,1708144160.0,1059895.9,1708143727.0,1708144207.0,1708144179.0,1708144182.0,3193.0,1708144207.0,1708144212.0,5.0,,27.0,480.0,5.0,227.0,160605089.0,3.0,10680.0,poseidon,condorpool,poseidon-worker-2-container-24-27,mrtV2,/opt/mrtV2/mrtV2,,0.1,0,0,,,,,,,,,
merged_netcdf2png_ID0000369,None,compute,0,1708143695.0,,,1708143700.0,1708143933.0,1708144160.0,1076221.9,1708143727.0,1708144207.0,1708144179.0,1708144182.0,6646.0,1708144207.0,1708144212.0,5.0,,27.0,480.0,5.0,227.0,160656166.0,3.0,22308.0,poseidon,condorpool,poseidon-worker-2-container-12-15,merged_netcdf2png,/opt/netcdf2png/merged_netcdf2png,,0.1,0,0,,,,,,,,,
merged_netcdf2png_ID0000368,hdd_10,compute,0,1708143695.0,,,1708143700.0,1708143844.0,1708144160.0,675305.1,1708143702.0,1708144207.0,1708144179.0,1708144182.0,6615.0,1708144207.0,1708144212.0,5.0,,2.0,505.0,5.0,316.0,160656166.0,3.0,22217.0,poseidon,condorpool,poseidon-worker-2-container-28-31,merged_netcdf2png,/opt/netcdf2png/merged_netcdf2png,,0.1,0,0,,,,,,,,,
merged_netcdf2png_ID0000367,hdd_10,compute,0,1708143695.0,,,1708143700.0,1708143860.0,1708144094.0,1074941.9,1708143727.0,1708144202.0,1708144146.0,1708144179.0,678.0,1708144202.0,1708144207.0,5.0,,27.0,475.0,5.0,234.0,160656166.0,33.0,22296.0,poseidon,condorpool,poseidon-worker-2-container-24-27,merged_netcdf2png,/opt/netcdf2png/merged_netcdf2png,,0.1,0,0,,,,,,,,,
mrtV2_ID0000320,hdd_10,compute,0,1708143695.0,,,1708143700.0,1708143826.0,1708144160.0,624471.3,1708143702.0,1708144207.0,1708144179.0,1708144182.0,3258.0,1708144207.0,1708144212.0,5.0,,2.0,505.0,5.0,334.0,160605089.0,3.0,10997.0,poseidon,condorpool,poseidon-worker-2-container-4-7,mrtV2,/opt/mrtV2/mrtV2,,0.1,0,0,,,,,,,,,
mrtV2_ID0000321,None,compute,0,1708143695.0,,,1708143700.0,1708143761.0,1708143861.0,2517584.5,1708143702.0,1708143967.0,1708143949.0,1708143956.0,1538.0,1708143967.0,1708143972.0,5.0,,2.0,265.0,5.0,100.0,160605089.0,7.0,9882.0,poseidon,condorpool,poseidon-worker-1-container-32-35,mrtV2,/opt/mrtV2/mrtV2,,0.1,0,0,,,,,,,,,
merged_netcdf2png_ID0000362,hdd_10,compute,0,1708143695.0,,,1708143700.0,1708143821.0,1708143949.0,2013194.7,1708143706.0,1708143977.0,1708143955.0,1708143958.0,7165.0,1708143977.0,1708143982.0,5.0,,6.0,271.0,5.0,128.0,160656166.0,3.0,22177.0,poseidon,condorpool,poseidon-worker-1-container-16-19,merged_netcdf2png,/opt/netcdf2png/merged_netcdf2png,,0.1,0,0,,,,,,,,,
merged_netcdf2png_ID0000364,None,compute,0,1708143695.0,,,1708143700.0,1708143821.0,1708143955.0,3549515.6,1708143706.0,1708143982.0,1708143960.0,1708143964.0,5733.0,1708143982.0,1708143987.0,5.0,,6.0,276.0,5.0,134.0,160656166.0,4.0,21882.0,poseidon,condorpool,poseidon-worker-1-container-44-47,merged_netcdf2png,/opt/netcdf2png/merged_netcdf2png,,0.1,0,0,,,,,,,,,
mrtV2_ID0000080,None,compute,0,1708143695.0,,,1708143700.0,1708143860.0,1708144071.0,1260416.0,1708143727.0,1708144187.0,1708144146.0,1708144179.0,262.0,1708144187.0,1708144192.0,5.0,,27.0,460.0,5.0,211.0,160605089.0,33.0,8681.0,poseidon,condorpool,poseidon-worker-2-container-12-15,mrtV2,/opt/mrtV2/mrtV2,,0.1,0,0,0.0,293152.0,0.0,517.0,0.0,0.0,0.0,5863.0,
mrtV2_ID0000076,hdd_10,compute,0,1708143695.0,,,1708143700.0,1708143790.0,1708144199.0,497737.6,1708143702.0,1708144307.0,1708144206.0,1708144249.0,257.0,1708144307.0,1708144312.0,5.0,,2.0,605.0,5.0,409.0,160710764.0,43.0,11084.0,poseidon,condorpool,poseidon-worker-2-container-28-31,mrtV2,/opt/mrtV2/mrtV2,,0.0,0,0,,,,,,,,,
mrtV2_ID0000081,hdd_10,compute,0,1708143695.0,,,1708143700.0,1708143859.0,1708144281.0,476596.1,1708143727.0,1708144423.0,1708144304.0,1708144345.0,235.0,1708144423.0,1708144428.0,5.0,,27.0,696.0,5.0,422.0,160743980.0,41.0,9561.0,poseidon,condorpool,poseidon-worker-2-container-4-7,mrtV2,/opt/mrtV2/mrtV2,,0.1,0,0,,,,,,,,,
mrtV2_ID0000071,hdd_10,compute,0,1708143695.0,,,1708143700.0,1708143933.0,1708144181.0,741059.9,1708143727.0,1708144302.0,1708144197.0,1708144202.0,2280.0,1708144302.0,1708144307.0,5.0,,27.0,575.0,5.0,248.0,160605089.0,5.0,10072.0,poseidon,condorpool,poseidon-worker-2-container-28-31,mrtV2,/opt/mrtV2/mrtV2,,0.1,0,0,,,,,,,,,
mrtV2_ID0000074,None,compute,0,1708143695.0,,,1708143700.0,1708143822.0,1708143955.0,3610570.8,1708143728.0,1708143982.0,1708143960.0,1708143964.0,2902.0,1708143982.0,1708143987.0,5.0,,28.0,254.0,5.0,133.0,160605089.0,4.0,11373.0,poseidon,condorpool,poseidon-worker-1-container-32-35,mrtV2,/opt/mrtV2/mrtV2,,0.1,0,0,,,,,,,,,
mrtV2_ID0000075,None,compute,0,1708143695.0,,,1708143700.0,1708143859.0,1708144160.0,722089.6,1708143727.0,1708144207.0,1708144179.0,1708144182.0,3012.0,1708144207.0,1708144212.0,5.0,,27.0,480.0,5.0,301.0,160605089.0,3.0,9985.0,poseidon,condorpool,poseidon-worker-2-container-20-23,mrtV2,/opt/mrtV2/mrtV2,,0.1,0,0,,,,,,,,,
mrtV2_ID0000072,None,compute,0,1708143695.0,,,1708143700.0,1708143860.0,1708144070.0,1260806.1,1708143727.0,1708144202.0,1708144145.0,1708144179.0,338.0,1708144202.0,1708144207.0,5.0,,27.0,475.0,5.0,210.0,160605089.0,34.0,11210.0,poseidon,condorpool,poseidon-worker-2-container-12-15,mrtV2,/opt/mrtV2/mrtV2,,0.1,0,0,0.0,293149.0,0.0,517.0,0.0,0.0,0.0,5863.0,
mrtV2_ID0000073,hdd_10,compute,0,1708143695.0,,,1708143700.0,1708143822.0,1708143957.0,1792312.8,1708143728.0,1708143987.0,1708143964.0,1708143974.0,1015.0,1708143987.0,1708143992.0,5.0,,28.0,259.0,5.0,135.0,160605089.0,10.0,10247.0,poseidon,condorpool,poseidon-worker-1-container-16-19,mrtV2,/opt/mrtV2/mrtV2,,0.1,0,0,,,,,,,,,
merged_netcdf2png_ID0000109,None,compute,0,1708143695.0,,,1708143700.0,1708143822.0,1708143958.0,1241603.0,1708143706.0,1708143987.0,1708143964.0,1708143974.0,2161.0,1708143987.0,1708143992.0,5.0,,6.0,281.0,5.0,136.0,160656166.0,10.0,21889.0,poseidon,condorpool,poseidon-worker-1-container-20-23,merged_netcdf2png,/opt/netcdf2png/merged_netcdf2png,,0.1,0,0,,,,,,,,,
merged_netcdf2png_ID0000108,hdd_10,compute,0,1708143695.0,,,1708143700.0,1708143826.0,1708144145.0,683440.6,1708143702.0,1708144207.0,1708144179.0,1708144182.0,6477.0,1708144207.0,1708144212.0,5.0,,2.0,505.0,5.0,319.0,160656166.0,3.0,21528.0,poseidon,condorpool,poseidon-worker-2-container-4-7,merged_netcdf2png,/opt/netcdf2png/merged_netcdf2png,,0.1,0,0,,,,,,,,,
merged_netcdf2png_ID0000107,None,compute,0,1708143695.0,,,1708143700.0,1708143822.0,1708143957.0,1810094.4,1708143706.0,1708143987.0,1708143963.0,1708143974.0,1993.0,1708143987.0,1708143992.0,5.0,,6.0,281.0,5.0,135.0,160656166.0,11.0,21844.0,poseidon,condorpool,poseidon-worker-1-container-8-11,merged_netcdf2png,/opt/netcdf2png/merged_netcdf2png,,0.1,0,0,,,,,,,,,
merged_netcdf2png_ID0000113,None,compute,0,1708143695.0,,,1708143700.0,1708143822.0,1708143957.0,1797725.2,1708143706.0,1708143987.0,1708143963.0,1708143974.0,1965.0,1708143987.0,1708143992.0,5.0,,6.0,281.0,5.0,135.0,160656166.0,11.0,21646.0,poseidon,condorpool,poseidon-worker-1-container-36-39,merged_netcdf2png,/opt/netcdf2png/merged_netcdf2png,,0.1,0,0,,,,,,,,,
mrtV2_ID0000082,None,compute,0,1708143695.0,,,1708143700.0,1708143822.0,1708143949.0,2043736.5,1708143706.0,1708143967.0,1708143955.0,1708143958.0,3601.0,1708143967.0,1708143972.0,5.0,,6.0,261.0,5.0,127.0,160605089.0,3.0,11234.0,poseidon,condorpool,poseidon-worker-1-container-8-11,mrtV2,/opt/mrtV2/mrtV2,,0.1,0,0,,,,,,,,,
merged_netcdf2png_ID0000112,None,compute,0,1708143695.0,,,1708143700.0,1708143822.0,1708143957.0,1811916.2,1708143706.0,1708143987.0,1708143963.0,1708143974.0,1970.0,1708143987.0,1708143992.0,5.0,,6.0,281.0,5.0,135.0,160656166.0,11.0,21632.0,poseidon,condorpool,poseidon-worker-1-container-24-27,merged_netcdf2png,/opt/netcdf2png/merged_netcdf2png,,0.1,0,0,,,,,,,,,
merged_netcdf2png_ID0000110,hdd_10,compute,0,1708143695.0,,,1708143700.0,1708143933.0,1708144160.0,1077731.6,1708143727.0,1708144207.0,1708144179.0,1708144182.0,6517.0,1708144207.0,1708144212.0,5.0,,27.0,480.0,5.0,227.0,160656166.0,3.0,21790.0,poseidon,condorpool,poseidon-worker-2-container-8-11,merged_netcdf2png,/opt/netcdf2png/merged_netcdf2png,,0.1,0,0,,,,,,,,,
merged_netcdf2png_ID0000117,None,compute,0,1708143695.0,,,1708143700.0,1708143822.0,1708143957.0,1804841.2,1708143706.0,1708143987.0,1708143963.0,1708143974.0,1966.0,1708143987.0,1708143992.0,5.0,,6.0,281.0,5.0,135.0,160656166.0,11.0,21581.0,poseidon,condorpool,poseidon-worker-1-container-4-7,merged_netcdf2png,/opt/netcdf2png/merged_netcdf2png,,0.1,0,0,,,,,,,,,
merged_netcdf2png_ID0000116,None,compute,0,1708143695.0,,,1708143700.0,1708143795.0,1708143861.0,5434764.4,1708143706.0,1708143962.0,1708143949.0,1708143956.0,3334.0,1708143962.0,1708143967.0,5.0,,6.0,256.0,5.0,66.0,160656166.0,7.0,21632.0,poseidon,condorpool,poseidon-worker-1-container-0-3,merged_netcdf2png,/opt/netcdf2png/merged_netcdf2png,,0.1,0,0,,,,,,,,,
merged_netcdf2png_ID0000115,None,compute,0,1708143695.0,,,1708143700.0,1708143821.0,1708143957.0,1792991.8,1708143706.0,1708143987.0,1708143964.0,1708143974.0,2146.0,1708143987.0,1708143992.0,5.0,,6.0,281.0,5.0,136.0,160656166.0,10.0,21640.0,poseidon,condorpool,poseidon-worker-1-container-40-43,merged_netcdf2png,/opt/netcdf2png/merged_netcdf2png,,0.1,0,0,,,,,,,,,
merged_netcdf2png_ID0000114,None,compute,0,1708143695.0,,,1708143700.0,1708143835.0,1708144145.0,709335.0,1708143702.0,1708144207.0,1708144179.0,1708144182.0,6382.0,1708144207.0,1708144212.0,5.0,,2.0,505.0,5.0,310.0,160656166.0,3.0,21382.0,poseidon,condorpool,poseidon-worker-2-container-44-47,merged_netcdf2png,/opt/netcdf2png/merged_netcdf2png,,0.1,0,0,0.0,536938.0,38.0,574.0,1.0,0.0,0.1,53693.8,3.8
mrtV2_ID0000078,None,compute,0,1708143695.0,,,1708143700.0,1708143859.0,1708144094.0,1073785.3,1708143727.0,1708144352.0,1708144146.0,1708144310.0,141.0,1708144352.0,1708144357.0,5.0,,27.0,625.0,5.0,235.0,160605089.0,164.0,23348.0,poseidon,condorpool,poseidon-worker-2-container-0-3,mrtV2,/opt/mrtV2/mrtV2,,0.1,0,0,,,,,,,,,
mrtV2_ID0000079,None,compute,0,1708143695.0,,,1708143700.0,1708143859.0,1708144203.0,990143.7,1708143727.0,1708144352.0,1708144272.0,1708144299.0,305.0,1708144352.0,1708144357.0,5.0,,27.0,625.0,5.0,344.0,319888411.0,27.0,8252.0,poseidon,condorpool,poseidon-worker-2-container-16-19,mrtV2,/opt/mrtV2/mrtV2,,0.1,0,0,,,,,,,,,
mrtV2_ID0000324,None,compute,0,1708143695.0,,,1708143700.0,1708143821.0,1708143955.0,1753438.4,1708143706.0,1708143982.0,1708143960.0,1708143964.0,2716.0,1708143982.0,1708143987.0,5.0,,6.0,276.0,5.0,134.0,160605089.0,4.0,10901.0,poseidon,condorpool,poseidon-worker-1-container-20-23,mrtV2,/opt/mrtV2/mrtV2,,0.1,0,0,,,,,,,,,
mrtV2_ID0000077,hdd_10,compute,0,1708143695.0,,,1708143700.0,1708143786.0,1708143861.0,4125239.9,1708143702.0,1708143977.0,1708143955.0,1708143958.0,2804.0,1708143977.0,1708143982.0,5.0,,2.0,275.0,5.0,75.0,160605089.0,3.0,8741.0,poseidon,condorpool,poseidon-worker-1-container-16-19,mrtV2,/opt/mrtV2/mrtV2,,0.1,0,0,,,,,,,,,
merged_netcdf2png_ID0000111,hdd_10,compute,0,1708143695.0,,,1708143700.0,1708143821.0,1708143957.0,1783566.8,1708143706.0,1708143987.0,1708143963.0,1708143974.0,1972.0,1708143987.0,1708143992.0,5.0,,6.0,281.0,5.0,136.0,160656166.0,11.0,21604.0,poseidon,condorpool,poseidon-worker-1-container-12-15,merged_netcdf2png,/opt/netcdf2png/merged_netcdf2png,,0.1,0,0,,,,,,,,,
merged_netcdf2png_ID0000361,None,compute,0,1708143695.0,,,1708143700.0,1708143821.0,1708143955.0,3814498.6,1708143706.0,1708143982.0,1708143960.0,1708143965.0,4893.0,1708143982.0,1708143987.0,5.0,,6.0,276.0,5.0,134.0,160656166.0,5.0,21974.0,poseidon,condorpool,poseidon-worker-1-container-8-11,merged_netcdf2png,/opt/netcdf2png/merged_netcdf2png,,0.1,0,0,,,,,,,,,
mrtV2_ID0000323,None,compute,0,1708143695.0,,,1708143700.0,1708143821.0,1708143957.0,1789133.8,1708143706.0,1708143987.0,1708143964.0,1708143974.0,859.0,1708143987.0,1708143992.0,5.0,,6.0,281.0,5.0,136.0,160605089.0,10.0,9215.0,poseidon,condorpool,poseidon-worker-1-container-24-27,mrtV2,/opt/mrtV2/mrtV2,,0.1,0,0,,,,,,,,,
merged_netcdf2png_ID0000360,None,compute,0,1708143695.0,,,1708143700.0,1708143821.0,1708143949.0,2110555.2,1708143706.0,1708143977.0,1708143955.0,1708143958.0,7098.0,1708143977.0,1708143982.0,5.0,,6.0,271.0,5.0,128.0,160656166.0,3.0,22313.0,poseidon,condorpool,poseidon-worker-1-container-36-39,merged_netcdf2png,/opt/netcdf2png/merged_netcdf2png,,0.1,0,0,,,,,,,,,
mrtV2_ID0000341,None,compute,0,1708143695.0,,,1708143705.0,1708143979.0,1708144297.0,6449616.8,1708143975.0,1708144317.0,1708144303.0,1708144306.0,3155.0,1708144317.0,1708144322.0,10.0,,270.0,342.0,5.0,318.0,160605089.0,3.0,10181.0,poseidon,condorpool,poseidon-worker-1-container-0-3,mrtV2,/opt/mrtV2/mrtV2,,0.1,0,0,,,,,,,,,
mrtV2_ID0000346,None,compute,0,1708143695.0,,,1708143705.0,1708143979.0,1708144297.0,2655858.4,1708143965.0,1708144473.0,1708144303.0,1708144438.0,143.0,1708144473.0,1708144478.0,10.0,,260.0,508.0,5.0,318.0,160605089.0,135.0,19482.0,poseidon,condorpool,poseidon-worker-1-container-0-3,mrtV2,/opt/mrtV2/mrtV2,,0.1,0,0,,,,,,,,,
mrtV2_ID0000347,None,compute,0,1708143695.0,,,1708143705.0,1708143979.0,1708144297.0,6438533.2,1708143965.0,1708144312.0,1708144303.0,1708144306.0,2652.0,1708144312.0,1708144317.0,10.0,,260.0,347.0,5.0,318.0,160605089.0,3.0,8629.0,poseidon,condorpool,poseidon-worker-1-container-32-35,mrtV2,/opt/mrtV2/mrtV2,,0.1,0,0,,,,,,,,,
mrtV2_ID0000344,None,compute,0,1708143695.0,,,1708143705.0,1708143979.0,1708144297.0,2806653.5,1708143973.0,1708144317.0,1708144303.0,1708144307.0,2354.0,1708144317.0,1708144322.0,10.0,,268.0,344.0,5.0,318.0,160605089.0,4.0,9651.0,poseidon,condorpool,poseidon-worker-1-container-0-3,mrtV2,/opt/mrtV2/mrtV2,,0.1,0,0,,,,,,,,,
mrtV2_ID0000345,None,compute,0,1708143695.0,,,1708143705.0,1708143980.0,1708144297.0,1778386.2,1708143977.0,1708144322.0,1708144303.0,1708144307.0,2073.0,1708144322.0,1708144327.0,10.0,,272.0,345.0,5.0,317.0,160605089.0,4.0,8635.0,poseidon,condorpool,poseidon-worker-1-container-8-11,mrtV2,/opt/mrtV2/mrtV2,,0.1,0,0,,,,,,,,,
merged_netcdf2png_ID0000349,None,compute,0,1708143695.0,,,1708143705.0,1708143982.0,1708144297.0,1762960.9,1708143978.0,1708144473.0,1708144303.0,1708144436.0,333.0,1708144473.0,1708144478.0,10.0,,273.0,495.0,5.0,315.0,160656166.0,133.0,44606.0,poseidon,condorpool,poseidon-worker-1-container-36-39,merged_netcdf2png,/opt/netcdf2png/merged_netcdf2png,,0.1,0,0,,,,,,,,,
mrtV2_ID0000317,hdd_10,compute,0,1708143695.0,,,1708143705.0,1708143982.0,1708144297.0,1846744.7,1708143977.0,1708144317.0,1708144302.0,1708144307.0,2595.0,1708144317.0,1708144322.0,10.0,,272.0,340.0,5.0,315.0,160605089.0,5.0,10987.0,poseidon,condorpool,poseidon-worker-1-container-16-19,mrtV2,/opt/mrtV2/mrtV2,,0.1,0,0,,,,,,,,,
merged_netcdf2png_ID0000355,hdd_10,compute,0,1708143695.0,,,1708143705.0,1708143982.0,1708144297.0,1772055.6,1708143977.0,1708144312.0,1708144303.0,1708144306.0,6705.0,1708144312.0,1708144317.0,10.0,,272.0,335.0,5.0,315.0,160656166.0,3.0,21992.0,poseidon,condorpool,poseidon-worker-1-container-12-15,merged_netcdf2png,/opt/netcdf2png/merged_netcdf2png,,0.1,0,0,,,,,,,,,
merged_netcdf2png_ID0000354,hdd_10,compute,0,1708143695.0,,,1708143705.0,1708143982.0,1708144297.0,1763587.8,1708143977.0,1708144473.0,1708144303.0,1708144443.0,319.0,1708144473.0,1708144478.0,10.0,,272.0,496.0,5.0,315.0,160656166.0,140.0,44680.0,poseidon,condorpool,poseidon-worker-1-container-28-31,merged_netcdf2png,/opt/netcdf2png/merged_netcdf2png,,0.1,0,0,,,,,,,,,
mrtV2_ID0000318,hdd_10,compute,0,1708143695.0,,,1708143705.0,1708143982.0,1708144297.0,2865086.1,1708143977.0,1708144473.0,1708144303.0,1708144436.0,165.0,1708144473.0,1708144478.0,10.0,,272.0,496.0,5.0,315.0,160605089.0,133.0,22036.0,poseidon,condorpool,poseidon-worker-1-container-16-19,mrtV2,/opt/mrtV2/mrtV2,,0.1,0,0,,,,,,,,,
merged_netcdf2png_ID0000353,hdd_10,compute,0,1708143695.0,,,1708143705.0,1708143984.0,1708144297.0,1880077.5,1708143978.0,1708144528.0,1708144303.0,1708144469.0,265.0,1708144528.0,1708144533.0,10.0,,273.0,550.0,5.0,313.0,160656166.0,166.0,44240.0,poseidon,condorpool,poseidon-worker-1-container-12-15,merged_netcdf2png,/opt/netcdf2png/merged_netcdf2png,,0.1,0,0,,,,,,,,,
merged_netcdf2png_ID0000352,None,compute,0,1708143695.0,,,1708143705.0,1708144002.0,1708144297.0,4538309.8,1708143979.0,1708144322.0,1708144303.0,1708144307.0,5486.0,1708144322.0,1708144327.0,10.0,,274.0,343.0,5.0,295.0,160656166.0,4.0,22152.0,poseidon,condorpool,poseidon-worker-1-container-40-43,merged_netcdf2png,/opt/netcdf2png/merged_netcdf2png,,0.1,0,0,,,,,,,,,
merged_netcdf2png_ID0000359,None,compute,0,1708143695.0,,,1708143705.0,1708144002.0,1708144297.0,2354323.9,1708143978.0,1708144528.0,1708144303.0,1708144469.0,265.0,1708144528.0,1708144533.0,10.0,,273.0,550.0,5.0,295.0,160656166.0,166.0,44084.0,poseidon,condorpool,poseidon-worker-1-container-20-23,merged_netcdf2png,/opt/netcdf2png/merged_netcdf2png,,0.1,0,0,,,,,,,,,
merged_netcdf2png_ID0000358,None,compute,0,1708143695.0,,,1708143705.0,1708144002.0,1708144297.0,2358860.5,1708143979.0,1708144322.0,1708144303.0,1708144307.0,5375.0,1708144322.0,1708144327.0,10.0,,274.0,343.0,5.0,295.0,160656166.0,4.0,22198.0,poseidon,condorpool,poseidon-worker-1-container-44-47,merged_netcdf2png,/opt/netcdf2png/merged_netcdf2png,,0.1,0,0,,,,,,,,,
mrtV2_ID0000319,None,compute,0,1708143695.0,,,1708143705.0,1708143984.0,1708144297.0,1897200.8,1708143978.0,1708144322.0,1708144303.0,1708144307.0,2370.0,1708144322.0,1708144327.0,10.0,,273.0,344.0,5.0,313.0,160605089.0,4.0,9880.0,poseidon,condorpool,poseidon-worker-1-container-32-35,mrtV2,/opt/mrtV2/mrtV2,,0.1,0,0,,,,,,,,,
merged_netcdf2png_ID0000357,None,compute,0,1708143695.0,,,1708143705.0,1708143985.0,1708144297.0,1904312.6,1708143978.0,1708144322.0,1708144303.0,1708144307.0,5449.0,1708144322.0,1708144327.0,10.0,,273.0,344.0,5.0,312.0,160656166.0,4.0,22330.0,poseidon,condorpool,poseidon-worker-1-container-8-11,merged_netcdf2png,/opt/netcdf2png/merged_netcdf2png,,0.1,0,0,,,,,,,,,
merged_netcdf2png_ID0000356,None,compute,0,1708143695.0,,,1708143705.0,1708144033.0,1708144297.0,23739725.3,1708143979.0,1708144317.0,1708144303.0,1708144306.0,6859.0,1708144317.0,1708144322.0,10.0,,274.0,338.0,5.0,264.0,160656166.0,3.0,22203.0,poseidon,condorpool,poseidon-worker-1-container-36-39,merged_netcdf2png,/opt/netcdf2png/merged_netcdf2png,,0.1,0,0,,,,,,,,,
merged_netcdf2png_ID0000351,None,compute,0,1708143695.0,,,1708143705.0,1708143982.0,1708144297.0,1802429.5,1708143978.0,1708144317.0,1708144303.0,1708144306.0,6826.0,1708144317.0,1708144322.0,10.0,,273.0,339.0,5.0,315.0,160656166.0,3.0,22257.0,poseidon,condorpool,poseidon-worker-1-container-8-11,merged_netcdf2png,/opt/netcdf2png/merged_netcdf2png,,0.1,0,0,,,,,,,,,
merged_netcdf2png_ID0000350,hdd_10,compute,0,1708143695.0,,,1708143705.0,1708143984.0,1708144297.0,1890597.3,1708143978.0,1708144322.0,1708144303.0,1708144307.0,5502.0,1708144322.0,1708144327.0,10.0,,273.0,344.0,5.0,313.0,160656166.0,4.0,22469.0,poseidon,condorpool,poseidon-worker-1-container-28-31,merged_netcdf2png,/opt/netcdf2png/merged_netcdf2png,,0.1,0,0,,,,,,,,,
mrtV2_ID0000340,None,compute,0,1708143695.0,,,1708143705.0,1708143979.0,1708144297.0,2794587.1,1708143964.0,1708144322.0,1708144303.0,1708144307.0,2458.0,1708144322.0,1708144327.0,10.0,,259.0,358.0,5.0,318.0,160605089.0,4.0,10123.0,poseidon,condorpool,poseidon-worker-1-container-44-47,mrtV2,/opt/mrtV2/mrtV2,,0.1,0,0,,,,,,,,,
mrtV2_ID0000343,None,compute,0,1708143695.0,,,1708143705.0,1708143978.0,1708144297.0,2706500.9,1708143964.0,1708144322.0,1708144302.0,1708144307.0,2072.0,1708144322.0,1708144327.0,10.0,,259.0,358.0,5.0,319.0,160605089.0,5.0,8733.0,poseidon,condorpool,poseidon-worker-1-container-24-27,mrtV2,/opt/mrtV2/mrtV2,,0.1,0,0,,,,,,,,,
mrtV2_ID0000342,None,compute,0,1708143695.0,,,1708143705.0,1708143978.0,1708144302.0,6678467.5,1708143964.0,1708144322.0,1708144307.0,1708144310.0,3424.0,1708144322.0,1708144327.0,10.0,,259.0,358.0,5.0,324.0,160605089.0,3.0,10375.0,poseidon,condorpool,poseidon-worker-1-container-4-7,mrtV2,/opt/mrtV2/mrtV2,,0.0,0,0,,,,,,,,,
merged_netcdf2png_ID0000348,None,compute,0,1708143695.0,,,1708143705.0,1708143978.0,1708144297.0,2392980.6,1708143964.0,1708144322.0,1708144303.0,1708144307.0,5399.0,1708144322.0,1708144327.0,10.0,,259.0,358.0,5.0,319.0,160656166.0,4.0,22319.0,poseidon,condorpool,poseidon-worker-1-container-32-35,merged_netcdf2png,/opt/netcdf2png/merged_netcdf2png,,0.1,0,0,,,,,,,,,
mrtV2_ID0000070,None,compute,0,1708143695.0,,,1708143700.0,1708143933.0,1708144201.0,645295.2,1708143727.0,1708144347.0,1708144275.0,1708144299.0,473.0,1708144347.0,1708144352.0,5.0,,27.0,620.0,5.0,268.0,160605089.0,24.0,11595.0,poseidon,condorpool,poseidon-worker-2-container-16-19,mrtV2,/opt/mrtV2/mrtV2,,0.1,0,0,,,,,,,,,
mrtV2_ID0000339,hdd_10,compute,0,1708143695.0,,,1708143700.0,1708143822.0,1708143949.0,2104748.1,1708143706.0,1708143977.0,1708143955.0,1708143958.0,3433.0,1708143977.0,1708143982.0,5.0,,6.0,271.0,5.0,127.0,160605089.0,3.0,10662.0,poseidon,condorpool,poseidon-worker-1-container-12-15,mrtV2,/opt/mrtV2/mrtV2,,0.1,0,0,,,,,,,,,
merged_netcdf2png_ID0000377,hdd_10,compute,0,1708143695.0,,,1708143700.0,1708143786.0,1708143861.0,2339453.3,1708143702.0,1708143962.0,1708143949.0,1708143956.0,3415.0,1708143962.0,1708143967.0,5.0,,2.0,260.0,5.0,75.0,160656166.0,7.0,21814.0,poseidon,condorpool,poseidon-worker-1-container-28-31,merged_netcdf2png,/opt/netcdf2png/merged_netcdf2png,,0.1,0,0,,,,,,,,,
merged_netcdf2png_ID0000376,None,compute,0,1708143695.0,,,1708143700.0,1708143814.0,1708144071.0,927188.3,1708143702.0,1708144207.0,1708144146.0,1708144179.0,651.0,1708144207.0,1708144212.0,5.0,,2.0,505.0,5.0,257.0,160656166.0,33.0,21482.0,poseidon,condorpool,poseidon-worker-2-container-44-47,merged_netcdf2png,/opt/netcdf2png/merged_netcdf2png,,0.1,0,0,0.0,330312.0,0.0,594.0,0.0,0.0,0.0,6606.2,
merged_netcdf2png_ID0000375,None,compute,0,1708143695.0,,,1708143700.0,1708143822.0,1708143957.0,1810958.8,1708143728.0,1708144247.0,1708143964.0,1708144154.0,229.0,1708144247.0,1708144252.0,5.0,,28.0,519.0,5.0,135.0,160656166.0,190.0,43674.0,poseidon,condorpool,poseidon-worker-1-container-40-43,merged_netcdf2png,/opt/netcdf2png/merged_netcdf2png,,0.2,0,0,,,,,,,,,
mrtV2_ID0000337,hdd_10,compute,0,1708143695.0,,,1708143700.0,1708143835.0,1708144094.0,745374.8,1708143702.0,1708144207.0,1708144146.0,1708144179.0,319.0,1708144207.0,1708144212.0,5.0,,2.0,505.0,5.0,259.0,160605089.0,33.0,10515.0,poseidon,condorpool,poseidon-worker-2-container-40-43,mrtV2,/opt/mrtV2/mrtV2,,0.1,0,0,,,,,,,,,
mrtV2_ID0000338,hdd_10,compute,0,1708143695.0,,,1708143700.0,1708143826.0,1708144067.0,850811.6,1708143702.0,1708144207.0,1708144145.0,1708144179.0,277.0,1708144207.0,1708144212.0,5.0,,2.0,505.0,5.0,241.0,160605089.0,34.0,9200.0,poseidon,condorpool,poseidon-worker-2-container-40-43,mrtV2,/opt/mrtV2/mrtV2,,0.1,0,0,0.0,474802.0,0.0,569.0,0.0,0.0,0.0,9496.0,
merged_netcdf2png_ID0000374,hdd_10,compute,0,1708143695.0,,,1708143700.0,1708143985.0,1708144160.0,1637746.9,1708143780.0,1708144207.0,1708144179.0,1708144182.0,6597.0,1708144207.0,1708144212.0,5.0,,80.0,427.0,5.0,175.0,160656166.0,3.0,21998.0,poseidon,condorpool,poseidon-worker-2-container-36-39,merged_netcdf2png,/opt/netcdf2png/merged_netcdf2png,,0.1,0,0,,,,,,,,,
merged_netcdf2png_ID0000378,hdd_10,compute,0,1708143695.0,,,1708143700.0,1708143933.0,1708144181.0,746707.3,1708143775.0,1708144287.0,1708144198.0,1708144203.0,3757.0,1708144287.0,1708144292.0,5.0,,75.0,512.0,5.0,248.0,160656166.0,5.0,21519.0,poseidon,condorpool,poseidon-worker-2-container-36-39,merged_netcdf2png,/opt/netcdf2png/merged_netcdf2png,,0.1,0,0,,,,,,,,,
mrtV2_ID0000322,hdd_10,compute,0,1708143695.0,,,1708143700.0,1708143860.0,1708144160.0,713380.2,1708143727.0,1708144207.0,1708144179.0,1708144182.0,3654.0,1708144207.0,1708144212.0,5.0,,27.0,480.0,5.0,300.0,160605089.0,3.0,11964.0,poseidon,condorpool,poseidon-worker-2-container-8-11,mrtV2,/opt/mrtV2/mrtV2,,0.1,0,0,,,,,,,,,
mrtV2_ID0000331,hdd_10,compute,0,1708143695.0,,,1708143700.0,1708143985.0,1708144160.0,1637846.3,1708143814.0,1708144207.0,1708144179.0,1708144182.0,3229.0,1708144207.0,1708144212.0,5.0,,114.0,393.0,5.0,175.0,160605089.0,3.0,10702.0,poseidon,condorpool,poseidon-worker-2-container-32-35,mrtV2,/opt/mrtV2/mrtV2,,0.1,0,0,,,,,,,,,
mrtV2_ID0000330,hdd_10,compute,0,1708143695.0,,,1708143700.0,1708144067.0,1708144160.0,8076288.5,1708143898.0,1708144423.0,1708144179.0,1708144345.0,127.0,1708144423.0,1708144428.0,5.0,,198.0,525.0,5.0,93.0,160605089.0,166.0,21198.0,poseidon,condorpool,poseidon-worker-2-container-40-43,mrtV2,/opt/mrtV2/mrtV2,,0.1,0,0,,,,,,,,,
merged_netcdf2png_ID0000373,hdd_10,compute,0,1708143695.0,,,1708143700.0,1708144067.0,1708144160.0,7397742.1,1708143898.0,1708144207.0,1708144179.0,1708144182.0,7910.0,1708144207.0,1708144212.0,5.0,,198.0,309.0,5.0,93.0,160656166.0,3.0,22091.0,poseidon,condorpool,poseidon-worker-2-container-36-39,merged_netcdf2png,/opt/netcdf2png/merged_netcdf2png,,0.1,0,0,,,,,,,,,
mrtV2_ID0000335,hdd_10,compute,0,1708143695.0,,,1708143700.0,1708144069.0,1708144181.0,2022602.9,1708143898.0,1708144282.0,1708144197.0,1708144202.0,2372.0,1708144282.0,1708144287.0,5.0,,198.0,384.0,5.0,112.0,160605089.0,5.0,10411.0,poseidon,condorpool,poseidon-worker-2-container-32-35,mrtV2,/opt/mrtV2/mrtV2,,0.1,0,0,,,,,,,,,
mrtV2_ID0000336,None,compute,0,1708143695.0,,,1708143700.0,1708144065.0,1708144160.0,7666377.1,1708143898.0,1708144207.0,1708144179.0,1708144182.0,2844.0,1708144207.0,1708144212.0,5.0,,198.0,309.0,5.0,95.0,160605089.0,3.0,9588.0,poseidon,condorpool,poseidon-worker-2-container-0-3,mrtV2,/opt/mrtV2/mrtV2,,0.1,0,0,,,,,,,,,
merged_netcdf2png_ID0000372,None,compute,0,1708143695.0,,,1708143700.0,1708143957.0,1708144011.0,10259604.2,1708143956.0,1708144157.0,1708144033.0,1708144037.0,5672.0,1708144157.0,1708144162.0,5.0,,256.0,201.0,5.0,54.0,160656166.0,4.0,21984.0,poseidon,condorpool,poseidon-worker-1-container-4-7,merged_netcdf2png,/opt/netcdf2png/merged_netcdf2png,,0.1,0,0,,,,,,,,,
mrtV2_ID0000333,None,compute,0,1708143695.0,,,1708143700.0,1708143975.0,1708144011.0,12118315.8,1708143962.0,1708144157.0,1708144033.0,1708144037.0,2625.0,1708144157.0,1708144162.0,5.0,,262.0,195.0,5.0,36.0,160605089.0,4.0,10414.0,poseidon,condorpool,poseidon-worker-1-container-0-3,mrtV2,/opt/mrtV2/mrtV2,,0.1,0,0,,,,,,,,,
merged_netcdf2png_ID0000371,None,compute,0,1708143695.0,,,1708143700.0,1708143979.0,1708144297.0,1804143.1,1708143975.0,1708144473.0,1708144303.0,1708144438.0,322.0,1708144473.0,1708144478.0,5.0,,275.0,498.0,5.0,318.0,160656166.0,135.0,43792.0,poseidon,condorpool,poseidon-worker-1-container-20-23,merged_netcdf2png,/opt/netcdf2png/merged_netcdf2png,,0.1,0,0,,,,,,,,,
mrtV2_ID0000334,None,compute,0,1708143695.0,,,1708143700.0,1708143979.0,1708144297.0,2364041.8,1708143964.0,1708144322.0,1708144303.0,1708144307.0,2460.0,1708144322.0,1708144327.0,5.0,,264.0,358.0,5.0,318.0,160605089.0,4.0,10224.0,poseidon,condorpool,poseidon-worker-1-container-44-47,mrtV2,/opt/mrtV2/mrtV2,,0.1,0,0,,,,,,,,,
merged_netcdf2png_ID0000370,hdd_10,compute,0,1708143695.0,,,1708143705.0,1708143979.0,1708144297.0,3728271.3,1708143964.0,1708144322.0,1708144303.0,1708144307.0,5410.0,1708144322.0,1708144327.0,10.0,,259.0,358.0,5.0,318.0,160656166.0,4.0,22066.0,poseidon,condorpool,poseidon-worker-1-container-28-31,merged_netcdf2png,/opt/netcdf2png/merged_netcdf2png,,0.1,0,0,,,,,,,,,
mrtV2_ID0000332,hdd_10,compute,0,1708143695.0,,,1708143700.0,1708144067.0,1708144160.0,7356495.2,1708143802.0,1708144207.0,1708144179.0,1708144182.0,3112.0,1708144207.0,1708144212.0,5.0,,102.0,405.0,5.0,93.0,160605089.0,3.0,10352.0,poseidon,condorpool,poseidon-worker-2-container-32-35,mrtV2,/opt/mrtV2/mrtV2,,0.1,0,0,,,,,,,,,
mrtV2_ID0000069,None,compute,0,1708143695.0,,,1708143700.0,1708143860.0,1708144071.0,1260512.2,1708143702.0,1708144207.0,1708144145.0,1708144179.0,343.0,1708144207.0,1708144212.0,5.0,,2.0,505.0,5.0,211.0,160605089.0,34.0,11366.0,poseidon,condorpool,poseidon-worker-2-container-44-47,mrtV2,/opt/mrtV2/mrtV2,,0.1,0,0,0.0,324698.0,0.0,586.0,0.0,0.0,0.0,6494.0,
mrtV2_ID0000325,None,compute,0,1708143695.0,,,1708143700.0,1708143821.0,1708143957.0,1791903.7,1708143706.0,1708143987.0,1708143963.0,1708143974.0,978.0,1708143987.0,1708143992.0,5.0,,6.0,281.0,5.0,136.0,160605089.0,11.0,10710.0,poseidon,condorpool,poseidon-worker-1-container-44-47,mrtV2,/opt/mrtV2/mrtV2,,0.1,0,0,,,,,,,,,
mrtV2_ID0000065,None,compute,0,1708143695.0,,,1708143700.0,1708143859.0,1708144094.0,1073969.6,1708143727.0,1708144207.0,1708144146.0,1708144179.0,364.0,1708144207.0,1708144212.0,5.0,,27.0,480.0,5.0,235.0,160605089.0,33.0,12002.0,poseidon,condorpool,poseidon-worker-2-container-0-3,mrtV2,/opt/mrtV2/mrtV2,,0.1,0,0,,,,,,,,,
mrtV2_ID0000066,hdd_10,compute,0,1708143695.0,,,1708143700.0,1708143860.0,1708144160.0,722154.6,1708143727.0,1708144207.0,1708144179.0,1708144182.0,3548.0,1708144207.0,1708144212.0,5.0,,27.0,480.0,5.0,300.0,160605089.0,3.0,12030.0,poseidon,condorpool,poseidon-worker-2-container-24-27,mrtV2,/opt/mrtV2/mrtV2,,0.1,0,0,,,,,,,,,
merged_netcdf2png_ID0000123,None,compute,0,1708143695.0,,,1708143700.0,1708143706.0,1708143828.0,1686039.1,1708143701.0,1708143957.0,1708143861.0,1708143949.0,242.0,1708143957.0,1708143962.0,5.0,,1.0,256.0,5.0,122.0,160656166.0,88.0,21371.0,poseidon,condorpool,poseidon-worker-1-container-4-7,merged_netcdf2png,/opt/netcdf2png/merged_netcdf2png,,0.2,0,0,,,,,,,,,
merged_netcdf2png_ID0000122,hdd_10,compute,0,1708143695.0,,,1708143700.0,1708143859.0,1708144070.0,1260077.3,1708143727.0,1708144207.0,1708144146.0,1708144179.0,648.0,1708144207.0,1708144212.0,5.0,,27.0,480.0,5.0,211.0,160656166.0,33.0,21394.0,poseidon,condorpool,poseidon-worker-2-container-36-39,merged_netcdf2png,/opt/netcdf2png/merged_netcdf2png,,0.1,0,0,,,,,,,,,
merged_netcdf2png_ID0000121,None,compute,0,1708143695.0,,,1708143700.0,1708143772.0,1708143861.0,3029539.4,1708143702.0,1708143967.0,1708143949.0,1708143956.0,3372.0,1708143967.0,1708143972.0,5.0,,2.0,265.0,5.0,89.0,160656166.0,7.0,21444.0,poseidon,condorpool,poseidon-worker-1-container-0-3,merged_netcdf2png,/opt/netcdf2png/merged_netcdf2png,,0.1,0,0,,,,,,,,,
merged_netcdf2png_ID0000126,hdd_10,compute,0,1708143695.0,,,1708143700.0,1708143860.0,1708144070.0,1261096.2,1708143727.0,1708144207.0,1708144146.0,1708144179.0,651.0,1708144207.0,1708144212.0,5.0,,27.0,480.0,5.0,210.0,160656166.0,33.0,21517.0,poseidon,condorpool,poseidon-worker-2-container-40-43,merged_netcdf2png,/opt/netcdf2png/merged_netcdf2png,,0.1,0,0,0.0,318396.0,0.0,567.0,0.0,0.0,0.0,6367.9,
merged_netcdf2png_ID0000125,None,compute,0,1708143695.0,,,1708143700.0,1708143756.0,1708143861.0,2345857.6,1708143702.0,1708143962.0,1708143949.0,1708143956.0,3360.0,1708143962.0,1708143967.0,5.0,,2.0,260.0,5.0,105.0,160656166.0,7.0,21641.0,poseidon,condorpool,poseidon-worker-1-container-4-7,merged_netcdf2png,/opt/netcdf2png/merged_netcdf2png,,0.2,0,0,,,,,,,,,
mrtV2_ID0000089,hdd_10,compute,0,1708143695.0,,,1708143700.0,1708144067.0,1708144160.0,7293370.5,1708143826.0,1708144423.0,1708144179.0,1708144345.0,109.0,1708144423.0,1708144428.0,5.0,,126.0,597.0,5.0,93.0,160605089.0,166.0,18142.0,poseidon,condorpool,poseidon-worker-2-container-32-35,mrtV2,/opt/mrtV2/mrtV2,,0.1,0,0,,,,,,,,,
mrtV2_ID0000087,None,compute,0,1708143695.0,,,1708143700.0,1708143769.0,1708143933.0,1236070.6,1708143702.0,1708144147.0,1708144027.0,1708144071.0,233.0,1708144147.0,1708144152.0,5.0,,2.0,445.0,5.0,164.0,160605089.0,44.0,10299.0,poseidon,condorpool,poseidon-worker-2-container-0-3,mrtV2,/opt/mrtV2/mrtV2,,0.1,0,0,,,,,,,,,
mrtV2_ID0000088,None,compute,0,1708143695.0,,,1708143700.0,1708143728.0,1708143861.0,1281957.4,1708143701.0,1708143962.0,1708143949.0,1708143956.0,1517.0,1708143962.0,1708143967.0,5.0,,1.0,261.0,5.0,133.0,160605089.0,7.0,9612.0,poseidon,condorpool,poseidon-worker-1-container-44-47,mrtV2,/opt/mrtV2/mrtV2,,0.1,0,0,,,,,,,,,
merged_netcdf2png_ID0000120,None,compute,0,1708143695.0,,,1708143700.0,1708143859.0,1708144293.0,460262.5,1708143727.0,1708144423.0,1708144304.0,1708144345.0,526.0,1708144423.0,1708144428.0,5.0,,27.0,696.0,5.0,434.0,160753241.0,41.0,21317.0,poseidon,condorpool,poseidon-worker-2-container-44-47,merged_netcdf2png,/opt/netcdf2png/merged_netcdf2png,,0.1,0,0,,,,,,,,,
mrtV2_ID0000092,None,compute,0,1708143695.0,,,1708143700.0,1708143822.0,1708143957.0,1809271.0,1708143706.0,1708143987.0,1708143963.0,1708143974.0,903.0,1708143987.0,1708143992.0,5.0,,6.0,281.0,5.0,135.0,160605089.0,11.0,9998.0,poseidon,condorpool,poseidon-worker-1-container-40-43,mrtV2,/opt/mrtV2/mrtV2,,0.1,0,0,,,,,,,,,
mrtV2_ID0000093,hdd_10,compute,0,1708143695.0,,,1708143700.0,1708143814.0,1708144094.0,678714.0,1708143702.0,1708144202.0,1708144146.0,1708144179.0,272.0,1708144202.0,1708144207.0,5.0,,2.0,500.0,5.0,280.0,160605089.0,33.0,8980.0,poseidon,condorpool,poseidon-worker-2-container-28-31,mrtV2,/opt/mrtV2/mrtV2,,0.1,0,0,,,,,,,,,
mrtV2_ID0000090,None,compute,0,1708143695.0,,,1708143700.0,1708143933.0,1708144181.0,745664.8,1708143727.0,1708144282.0,1708144197.0,1708144202.0,1838.0,1708144282.0,1708144287.0,5.0,,27.0,555.0,5.0,248.0,160605089.0,5.0,8154.0,poseidon,condorpool,poseidon-worker-2-container-16-19,mrtV2,/opt/mrtV2/mrtV2,,0.1,0,0,,,,,,,,,
mrtV2_ID0000091,hdd_10,compute,0,1708143695.0,,,1708143700.0,1708143814.0,1708144068.0,800501.6,1708143702.0,1708144207.0,1708144145.0,1708144179.0,261.0,1708144207.0,1708144212.0,5.0,,2.0,505.0,5.0,254.0,160605089.0,34.0,8675.0,poseidon,condorpool,poseidon-worker-2-container-24-27,mrtV2,/opt/mrtV2/mrtV2,,0.1,0,0,0.0,312544.0,0.0,559.0,0.0,0.0,0.0,6250.9,
merged_netcdf2png_ID0000124,None,compute,0,1708143695.0,,,1708143700.0,1708143706.0,1708143829.0,1668789.0,1708143701.0,1708143962.0,1708143909.0,1708143955.0,458.0,1708143962.0,1708143967.0,5.0,,1.0,261.0,5.0,123.0,160656166.0,46.0,21350.0,poseidon,condorpool,poseidon-worker-1-container-0-3,merged_netcdf2png,/opt/netcdf2png/merged_netcdf2png,,0.1,0,0,,,,,,,,,
mrtV2_ID0000095,None,compute,0,1708143695.0,,,1708143700.0,1708143933.0,1708144181.0,743656.0,1708143727.0,1708144302.0,1708144197.0,1708144202.0,1726.0,1708144302.0,1708144307.0,5.0,,27.0,575.0,5.0,248.0,160605089.0,5.0,7664.0,poseidon,condorpool,poseidon-worker-2-container-12-15,mrtV2,/opt/mrtV2/mrtV2,,0.1,0,0,,,,,,,,,
mrtV2_ID0000068,None,compute,0,1708143695.0,,,1708143700.0,1708143822.0,1708143955.0,3865928.4,1708143728.0,1708143982.0,1708143960.0,1708143964.0,3038.0,1708143982.0,1708143987.0,5.0,,28.0,254.0,5.0,133.0,160605089.0,4.0,11904.0,poseidon,condorpool,poseidon-worker-1-container-40-43,mrtV2,/opt/mrtV2/mrtV2,,0.1,0,0,,,,,,,,,
mrtV2_ID0000067,hdd_10,compute,0,1708143695.0,,,1708143700.0,1708143822.0,1708143949.0,2014744.0,1708143706.0,1708143977.0,1708143955.0,1708143958.0,3840.0,1708143977.0,1708143982.0,5.0,,6.0,271.0,5.0,127.0,160605089.0,3.0,12000.0,poseidon,condorpool,poseidon-worker-1-container-28-31,mrtV2,/opt/mrtV2/mrtV2,,0.1,0,0,,,,,,,,,
merged_netcdf2png_ID0000103,None,compute,0,1708143695.0,,,1708143700.0,1708143795.0,1708143861.0,5429782.8,1708143706.0,1708143962.0,1708143949.0,1708143956.0,3390.0,1708143962.0,1708143967.0,5.0,,6.0,256.0,5.0,66.0,160656166.0,7.0,21935.0,poseidon,condorpool,poseidon-worker-1-container-44-47,merged_netcdf2png,/opt/netcdf2png/merged_netcdf2png,,0.1,0,0,,,,,,,,,
merged_netcdf2png_ID0000104,hdd_10,compute,0,1708143695.0,,,1708143700.0,1708143769.0,1708143835.0,4764647.8,1708143701.0,1708144072.0,1708143898.0,1708144027.0,168.0,1708144072.0,1708144077.0,5.0,,1.0,371.0,5.0,66.0,160656166.0,129.0,21660.0,poseidon,condorpool,poseidon-worker-2-container-4-7,merged_netcdf2png,/opt/netcdf2png/merged_netcdf2png,,0.1,0,0,,,,,,,,,
mrtV2_ID0000094,None,compute,0,1708143695.0,,,1708143700.0,1708143768.0,1708144203.0,460025.8,1708143701.0,1708144337.0,1708144272.0,1708144299.0,378.0,1708144337.0,1708144342.0,5.0,,1.0,636.0,5.0,435.0,160698076.0,27.0,10197.0,poseidon,condorpool,poseidon-worker-2-container-20-23,mrtV2,/opt/mrtV2/mrtV2,,0.1,0,0,,,,,,,,,
merged_netcdf2png_ID0000106,hdd_10,compute,0,1708143695.0,,,1708143700.0,1708143821.0,1708143949.0,2024935.2,1708143706.0,1708143977.0,1708143955.0,1708143958.0,6991.0,1708143977.0,1708143982.0,5.0,,6.0,271.0,5.0,128.0,160656166.0,3.0,21839.0,poseidon,condorpool,poseidon-worker-1-container-12-15,merged_netcdf2png,/opt/netcdf2png/merged_netcdf2png,,0.2,0,0,,,,,,,,,
merged_netcdf2png_ID0000105,None,compute,0,1708143695.0,,,1708143700.0,1708143821.0,1708143955.0,3547892.6,1708143706.0,1708143982.0,1708143960.0,1708143964.0,5527.0,1708143982.0,1708143987.0,5.0,,6.0,276.0,5.0,134.0,160656166.0,4.0,21757.0,poseidon,condorpool,poseidon-worker-1-container-8-11,merged_netcdf2png,/opt/netcdf2png/merged_netcdf2png,,0.1,0,0,,,,,,,,,
merged_netcdf2png_ID0000101,hdd_10,compute,0,1708143695.0,,,1708143700.0,1708143805.0,1708143957.0,1504716.9,1708143702.0,1708143987.0,1708143963.0,1708143974.0,1997.0,1708143987.0,1708143992.0,5.0,,2.0,285.0,5.0,152.0,160656166.0,11.0,22007.0,poseidon,condorpool,poseidon-worker-1-container-16-19,merged_netcdf2png,/opt/netcdf2png/merged_netcdf2png,,0.1,0,0,,,,,,,,,
merged_netcdf2png_ID0000102,hdd_10,compute,0,1708143695.0,,,1708143700.0,1708143860.0,1708144160.0,722773.8,1708143727.0,1708144207.0,1708144179.0,1708144182.0,7914.0,1708144207.0,1708144212.0,5.0,,27.0,480.0,5.0,300.0,160656166.0,3.0,21628.0,poseidon,condorpool,poseidon-worker-2-container-8-11,merged_netcdf2png,/opt/netcdf2png/merged_netcdf2png,,0.1,0,0,,,,,,,,,
merged_netcdf2png_ID0000096,None,compute,0,1708143695.0,,,1708143700.0,1708143822.0,1708143955.0,3596265.8,1708143728.0,1708143982.0,1708143960.0,1708143965.0,4946.0,1708143982.0,1708143987.0,5.0,,28.0,254.0,5.0,133.0,160656166.0,5.0,21828.0,poseidon,condorpool,poseidon-worker-1-container-36-39,merged_netcdf2png,/opt/netcdf2png/merged_netcdf2png,,0.1,0,0,,,,,,,,,
merged_netcdf2png_ID0000097,hdd_10,compute,0,1708143695.0,,,1708143700.0,1708143821.0,1708143955.0,3517495.2,1708143706.0,1708143982.0,1708143960.0,1708143964.0,5558.0,1708143982.0,1708143987.0,5.0,,6.0,276.0,5.0,134.0,160656166.0,4.0,21729.0,poseidon,condorpool,poseidon-worker-1-container-28-31,merged_netcdf2png,/opt/netcdf2png/merged_netcdf2png,,0.1,0,0,,,,,,,,,
merged_netcdf2png_ID0000098,None,compute,0,1708143695.0,,,1708143700.0,1708143748.0,1708143861.0,2086094.2,1708143702.0,1708143962.0,1708143949.0,1708143956.0,3339.0,1708143962.0,1708143967.0,5.0,,2.0,260.0,5.0,113.0,160656166.0,7.0,21715.0,poseidon,condorpool,poseidon-worker-1-container-24-27,merged_netcdf2png,/opt/netcdf2png/merged_netcdf2png,,0.1,0,0,,,,,,,,,
merged_netcdf2png_ID0000099,None,compute,0,1708143695.0,,,1708143700.0,1708143736.0,1708143861.0,1820647.6,1708143702.0,1708143962.0,1708143949.0,1708143956.0,3404.0,1708143962.0,1708143967.0,5.0,,2.0,260.0,5.0,125.0,160656166.0,7.0,21765.0,poseidon,condorpool,poseidon-worker-1-container-32-35,merged_netcdf2png,/opt/netcdf2png/merged_netcdf2png,,0.1,0,0,,,,,,,,,
merged_netcdf2png_ID0000100,None,compute,0,1708143695.0,,,1708143700.0,1708143805.0,1708143955.0,2622643.2,1708143702.0,1708143982.0,1708143960.0,1708143965.0,4791.0,1708143982.0,1708143987.0,5.0,,2.0,280.0,5.0,150.0,160656166.0,5.0,21600.0,poseidon,condorpool,poseidon-worker-1-container-20-23,merged_netcdf2png,/opt/netcdf2png/merged_netcdf2png,,0.1,0,0,,,,,,,,,
merged_netcdf2png_ID0000306,hdd_10,compute,0,1708143811.0,,,1708143821.0,1708144527.0,1708144628.0,3696161.8,1708144470.0,1708144783.0,1708144755.0,1708144759.0,6606.0,1708144783.0,1708144789.0,10.0,,649.0,313.0,6.0,101.0,160656166.0,4.0,21545.0,poseidon,condorpool,poseidon-worker-1-container-16-19,merged_netcdf2png,/opt/netcdf2png/merged_netcdf2png,,0.1,0,0,,,,,,,,,
merged_netcdf2png_ID0000307,None,compute,0,1708143811.0,,,1708143821.0,1708144569.0,1708144673.0,22508769.0,1708144410.0,1708144879.0,1708144816.0,1708144820.0,5076.0,1708144879.0,1708144884.0,10.0,,589.0,469.0,5.0,104.0,160656166.0,4.0,21796.0,poseidon,condorpool,poseidon-worker-2-container-0-3,merged_netcdf2png,/opt/netcdf2png/merged_netcdf2png,,0.1,0,0,,,,,,,,,
merged_netcdf2png_ID0000308,None,compute,0,1708143811.0,,,1708143821.0,1708144570.0,1708144784.0,1153390.8,1708144440.0,1708144879.0,1708144816.0,1708144820.0,5550.0,1708144879.0,1708144884.0,10.0,,619.0,439.0,5.0,214.0,160656166.0,4.0,21631.0,poseidon,condorpool,poseidon-worker-2-container-16-19,merged_netcdf2png,/opt/netcdf2png/merged_netcdf2png,,0.1,0,0,,,,,,,,,
mrtV2_ID0000271,None,compute,0,1708143811.0,,,1708143821.0,1708144570.0,1708144784.0,1153712.6,1708144440.0,1708145124.0,1708144816.0,1708145027.0,93.0,1708145124.0,1708145129.0,10.0,,619.0,684.0,5.0,214.0,160605089.0,211.0,19670.0,poseidon,condorpool,poseidon-worker-2-container-16-19,mrtV2,/opt/mrtV2/mrtV2,,0.1,0,0,,,,,,,,,
mrtV2_ID0000270,None,compute,0,1708143811.0,,,1708143821.0,1708144569.0,1708144673.0,22431509.8,1708144409.0,1708144879.0,1708144816.0,1708144819.0,2652.0,1708144879.0,1708144884.0,10.0,,588.0,470.0,5.0,104.0,160605089.0,3.0,9541.0,poseidon,condorpool,poseidon-worker-2-container-0-3,mrtV2,/opt/mrtV2/mrtV2,,0.1,0,0,,,,,,,,,
mrtV2_ID0000264,None,compute,0,1708143811.0,,,1708143816.0,1708144409.0,1708144469.0,2078550.0,1708144324.0,1708144573.0,1708144526.0,1708144529.0,3189.0,1708144573.0,1708144578.0,5.0,,508.0,249.0,5.0,60.0,160605089.0,3.0,10463.0,poseidon,condorpool,poseidon-worker-1-container-4-7,mrtV2,/opt/mrtV2/mrtV2,,0.1,0,0,0.0,476881.0,0.0,560.0,0.0,0.0,0.0,15896.0,
mrtV2_ID0000272,None,compute,0,1708143811.0,,,1708143816.0,1708144570.0,1708144784.0,1124162.5,1708144440.0,1708144879.0,1708144816.0,1708144819.0,2416.0,1708144879.0,1708144884.0,5.0,,624.0,439.0,5.0,214.0,160605089.0,3.0,8050.0,poseidon,condorpool,poseidon-worker-2-container-20-23,mrtV2,/opt/mrtV2/mrtV2,,0.1,0,0,,,,,,,,,
mrtV2_ID0000268,None,compute,0,1708143811.0,,,1708143816.0,1708144409.0,1708144469.0,2134166.2,1708144325.0,1708144573.0,1708144526.0,1708144529.0,3202.0,1708144573.0,1708144578.0,5.0,,509.0,248.0,5.0,60.0,160605089.0,3.0,10121.0,poseidon,condorpool,poseidon-worker-1-container-4-7,mrtV2,/opt/mrtV2/mrtV2,,0.1,0,0,,,,,,,,,
mrtV2_ID0000267,None,compute,0,1708143811.0,,,1708143816.0,1708144409.0,1708144469.0,2050099.9,1708144324.0,1708144573.0,1708144526.0,1708144529.0,3105.0,1708144573.0,1708144578.0,5.0,,508.0,249.0,5.0,60.0,160605089.0,3.0,10319.0,poseidon,condorpool,poseidon-worker-1-container-4-7,mrtV2,/opt/mrtV2/mrtV2,,0.1,0,0,,,,,,,,,
mrtV2_ID0000269,None,compute,0,1708143811.0,,,1708143816.0,1708144409.0,1708144514.0,3099096.1,1708144324.0,1708144573.0,1708144526.0,1708144529.0,3074.0,1708144573.0,1708144578.0,5.0,,508.0,249.0,5.0,105.0,160605089.0,3.0,9771.0,poseidon,condorpool,poseidon-worker-1-container-4-7,mrtV2,/opt/mrtV2/mrtV2,,0.1,0,0,,,,,,,,,
merged_netcdf2png_ID0000305,None,compute,0,1708143811.0,,,1708143821.0,1708144527.0,1708144628.0,3615586.5,1708144485.0,1708144784.0,1708144755.0,1708144769.0,1554.0,1708144784.0,1708144789.0,10.0,,664.0,299.0,5.0,101.0,160656166.0,14.0,21742.0,poseidon,condorpool,poseidon-worker-1-container-36-39,merged_netcdf2png,/opt/netcdf2png/merged_netcdf2png,,0.1,0,0,,,,,,,,,
mrtV2_ID0000273,hdd_10,compute,0,1708143811.0,,,1708143816.0,1708144568.0,1708144673.0,21688886.6,1708144409.0,1708144879.0,1708144816.0,1708144820.0,2238.0,1708144879.0,1708144884.0,5.0,,593.0,470.0,5.0,105.0,160605089.0,4.0,9642.0,poseidon,condorpool,poseidon-worker-2-container-4-7,mrtV2,/opt/mrtV2/mrtV2,,0.1,0,0,,,,,,,,,
merged_netcdf2png_ID0000309,None,compute,0,1708143811.0,,,1708143821.0,1708144528.0,1708144628.0,3609193.1,1708144485.0,1708144783.0,1708144755.0,1708144759.0,6620.0,1708144783.0,1708144789.0,10.0,,664.0,298.0,6.0,100.0,160656166.0,4.0,21623.0,poseidon,condorpool,poseidon-worker-1-container-20-23,merged_netcdf2png,/opt/netcdf2png/merged_netcdf2png,,0.1,0,0,,,,,,,,,
mrtV2_ID0000274,None,compute,0,1708143811.0,,,1708143821.0,1708144571.0,1708144784.0,1132780.7,1708144569.0,1708144879.0,1708144816.0,1708144819.0,2863.0,1708144879.0,1708144884.0,10.0,,748.0,310.0,5.0,213.0,160605089.0,3.0,9547.0,poseidon,condorpool,poseidon-worker-2-container-44-47,mrtV2,/opt/mrtV2/mrtV2,,0.1,0,0,,,,,,,,,
merged_netcdf2png_ID0000315,None,compute,0,1708143811.0,,,1708143821.0,1708144527.0,1708144628.0,3601747.1,1708144470.0,1708144783.0,1708144755.0,1708144769.0,1565.0,1708144783.0,1708144789.0,10.0,,649.0,313.0,6.0,101.0,160656166.0,14.0,21909.0,poseidon,condorpool,poseidon-worker-1-container-0-3,merged_netcdf2png,/opt/netcdf2png/merged_netcdf2png,,0.1,0,0,,,,,,,,,
merged_netcdf2png_ID0000314,hdd_10,compute,0,1708143811.0,,,1708143821.0,1708144527.0,1708144628.0,3605036.9,1708144470.0,1708144784.0,1708144755.0,1708144769.0,1566.0,1708144784.0,1708144789.0,10.0,,649.0,314.0,5.0,101.0,160656166.0,14.0,21946.0,poseidon,condorpool,poseidon-worker-1-container-28-31,merged_netcdf2png,/opt/netcdf2png/merged_netcdf2png,,0.1,0,0,,,,,,,,,
merged_netcdf2png_ID0000313,None,compute,0,1708143811.0,,,1708143821.0,1708144528.0,1708144628.0,3043214.8,1708144485.0,1708144784.0,1708144755.0,1708144769.0,1548.0,1708144784.0,1708144789.0,10.0,,664.0,299.0,5.0,100.0,160656166.0,14.0,21671.0,poseidon,condorpool,poseidon-worker-1-container-24-27,merged_netcdf2png,/opt/netcdf2png/merged_netcdf2png,,0.1,0,0,,,,,,,,,
merged_netcdf2png_ID0000312,None,compute,0,1708143811.0,,,1708143821.0,1708144527.0,1708144628.0,3611483.0,1708144470.0,1708144784.0,1708144755.0,1708144769.0,1552.0,1708144784.0,1708144789.0,10.0,,649.0,314.0,5.0,101.0,160656166.0,14.0,21735.0,poseidon,condorpool,poseidon-worker-1-container-0-3,merged_netcdf2png,/opt/netcdf2png/merged_netcdf2png,,0.1,0,0,,,,,,,,,
mrtV2_ID0000276,hdd_10,compute,0,1708143811.0,,,1708143821.0,1708144571.0,1708144816.0,1199407.1,1708144569.0,1708144939.0,1708144872.0,1708144889.0,556.0,1708144939.0,1708144944.0,10.0,,748.0,370.0,5.0,245.0,160605089.0,17.0,9313.0,poseidon,condorpool,poseidon-worker-2-container-40-43,mrtV2,/opt/mrtV2/mrtV2,,0.1,0,0,,,,,,,,,
mrtV2_ID0000277,hdd_10,compute,0,1708143811.0,,,1708143821.0,1708144571.0,1708144784.0,1134694.6,1708144569.0,1708144879.0,1708144816.0,1708144820.0,2468.0,1708144879.0,1708144884.0,10.0,,748.0,310.0,5.0,213.0,160605089.0,4.0,9823.0,poseidon,condorpool,poseidon-worker-2-container-32-35,mrtV2,/opt/mrtV2/mrtV2,,0.1,0,0,,,,,,,,,
mrtV2_ID0000275,None,compute,0,1708143811.0,,,1708143821.0,1708144571.0,1708144784.0,1137095.2,1708144569.0,1708145124.0,1708144816.0,1708145027.0,93.0,1708145124.0,1708145129.0,10.0,,748.0,555.0,5.0,213.0,160605089.0,211.0,19678.0,poseidon,condorpool,poseidon-worker-2-container-16-19,mrtV2,/opt/mrtV2/mrtV2,,0.1,0,0,,,,,,,,,
mrtV2_ID0000278,hdd_10,compute,0,1708143811.0,,,1708143821.0,1708144572.0,1708144784.0,1171510.3,1708144570.0,1708144879.0,1708144816.0,1708144820.0,2105.0,1708144879.0,1708144884.0,10.0,,749.0,309.0,5.0,212.0,160605089.0,4.0,8526.0,poseidon,condorpool,poseidon-worker-2-container-4-7,mrtV2,/opt/mrtV2/mrtV2,,0.1,0,0,,,,,,,,,
mrtV2_ID0000279,None,compute,0,1708143811.0,,,1708143821.0,1708144529.0,1708144628.0,3704944.3,1708144527.0,1708144784.0,1708144747.0,1708144756.0,1009.0,1708144784.0,1708144789.0,10.0,,706.0,257.0,5.0,99.0,160605089.0,9.0,9167.0,poseidon,condorpool,poseidon-worker-1-container-20-23,mrtV2,/opt/mrtV2/mrtV2,,0.1,0,0,,,,,,,,,
mrtV2_ID0000280,hdd_10,compute,0,1708143811.0,,,1708143821.0,1708144529.0,1708144628.0,3731038.2,1708144527.0,1708144783.0,1708144747.0,1708144756.0,1122.0,1708144783.0,1708144789.0,10.0,,706.0,256.0,6.0,99.0,160605089.0,9.0,10194.0,poseidon,condorpool,poseidon-worker-1-container-12-15,mrtV2,/opt/mrtV2/mrtV2,,0.1,0,0,,,,,,,,,
mrtV2_ID0000283,None,compute,0,1708143811.0,,,1708143821.0,1708144572.0,1708144704.0,2850111.1,1708144569.0,1708144974.0,1708144756.0,1708144920.0,114.0,1708144974.0,1708144979.0,10.0,,748.0,405.0,5.0,132.0,160605089.0,164.0,18918.0,poseidon,condorpool,poseidon-worker-1-container-44-47,mrtV2,/opt/mrtV2/mrtV2,,0.1,0,0,,,,,,,,,
mrtV2_ID0000284,hdd_10,compute,0,1708143811.0,,,1708143821.0,1708144572.0,1708144704.0,2850339.0,1708144568.0,1708144783.0,1708144755.0,1708144769.0,635.0,1708144783.0,1708144789.0,10.0,,747.0,215.0,6.0,132.0,160605089.0,14.0,8878.0,poseidon,condorpool,poseidon-worker-1-container-28-31,mrtV2,/opt/mrtV2/mrtV2,,0.1,0,0,,,,,,,,,
mrtV2_ID0000263,None,compute,0,1708143811.0,,,1708143816.0,1708144391.0,1708144419.0,7304590.2,1708144323.0,1708144758.0,1708144469.0,1708144701.0,85.0,1708144758.0,1708144763.0,5.0,,507.0,435.0,5.0,28.0,160605089.0,232.0,19906.0,poseidon,condorpool,poseidon-worker-1-container-32-35,mrtV2,/opt/mrtV2/mrtV2,,0.1,0,0,,,,,,,,,
merged_netcdf2png_ID0000310,hdd_10,compute,0,1708143811.0,,,1708143821.0,1708144527.0,1708144628.0,3031904.5,1708144470.0,1708144809.0,1708144755.0,1708144780.0,883.0,1708144809.0,1708144814.0,10.0,,649.0,339.0,5.0,101.0,160656166.0,25.0,21763.0,poseidon,condorpool,poseidon-worker-1-container-12-15,merged_netcdf2png,/opt/netcdf2png/merged_netcdf2png,,0.1,0,0,,,,,,,,,
mrtV2_ID0000266,None,compute,0,1708143811.0,,,1708143816.0,1708144409.0,1708144469.0,2124436.4,1708144324.0,1708144573.0,1708144526.0,1708144529.0,3202.0,1708144573.0,1708144578.0,5.0,,508.0,249.0,5.0,60.0,160605089.0,3.0,10522.0,poseidon,condorpool,poseidon-worker-1-container-40-43,mrtV2,/opt/mrtV2/mrtV2,,0.1,0,0,0.0,488084.0,0.0,584.0,0.0,0.0,0.1,16269.5,
merged_netcdf2png_ID0000296,None,compute,0,1708143811.0,,,1708143816.0,1708144391.0,1708144419.0,7470617.0,1708144323.0,1708144573.0,1708144469.0,1708144526.0,384.0,1708144573.0,1708144578.0,5.0,,507.0,250.0,5.0,28.0,160656166.0,57.0,21767.0,poseidon,condorpool,poseidon-worker-1-container-8-11,merged_netcdf2png,/opt/netcdf2png/merged_netcdf2png,,0.1,0,0,,,,,,,,,
merged_netcdf2png_ID0000301,None,compute,0,1708143811.0,,,1708143816.0,1708144355.0,1708144418.0,2816838.6,1708144323.0,1708144573.0,1708144469.0,1708144526.0,383.0,1708144573.0,1708144578.0,5.0,,507.0,250.0,5.0,63.0,160656166.0,57.0,21779.0,poseidon,condorpool,poseidon-worker-1-container-32-35,merged_netcdf2png,/opt/netcdf2png/merged_netcdf2png,,0.1,0,0,,,,,,,,,
merged_netcdf2png_ID0000289,None,compute,0,1708143811.0,,,1708143816.0,1708144323.0,1708144417.0,1822156.5,1708144312.0,1708144573.0,1708144469.0,1708144526.0,388.0,1708144573.0,1708144578.0,5.0,,496.0,261.0,5.0,94.0,160656166.0,57.0,22030.0,poseidon,condorpool,poseidon-worker-1-container-32-35,merged_netcdf2png,/opt/netcdf2png/merged_netcdf2png,,0.1,0,0,,,,,,,,,
merged_netcdf2png_ID0000288,None,compute,0,1708143811.0,,,1708143816.0,1708144324.0,1708144417.0,1843706.8,1708144313.0,1708144573.0,1708144485.0,1708144526.0,527.0,1708144573.0,1708144578.0,5.0,,497.0,260.0,5.0,93.0,160656166.0,41.0,22097.0,poseidon,condorpool,poseidon-worker-1-container-8-11,merged_netcdf2png,/opt/netcdf2png/merged_netcdf2png,,0.1,0,0,,,,,,,,,
merged_netcdf2png_ID0000287,None,compute,0,1708143811.0,,,1708143816.0,1708144323.0,1708144417.0,1840219.1,1708144313.0,1708144573.0,1708144469.0,1708144526.0,389.0,1708144573.0,1708144578.0,5.0,,497.0,260.0,5.0,94.0,160656166.0,57.0,22115.0,poseidon,condorpool,poseidon-worker-1-container-40-43,merged_netcdf2png,/opt/netcdf2png/merged_netcdf2png,,0.1,0,0,,,,,,,,,
merged_netcdf2png_ID0000286,None,compute,0,1708143811.0,,,1708143816.0,1708144323.0,1708144418.0,1818525.1,1708144313.0,1708144708.0,1708144469.0,1708144701.0,190.0,1708144708.0,1708144713.0,5.0,,497.0,395.0,5.0,95.0,160656166.0,232.0,44174.0,poseidon,condorpool,poseidon-worker-1-container-0-3,merged_netcdf2png,/opt/netcdf2png/merged_netcdf2png,,0.1,0,0,,,,,,,,,
merged_netcdf2png_ID0000285,None,compute,0,1708143811.0,,,1708143816.0,1708144324.0,1708144416.0,1853788.0,1708144321.0,1708144573.0,1708144469.0,1708144526.0,392.0,1708144573.0,1708144578.0,5.0,,505.0,252.0,5.0,92.0,160656166.0,57.0,22228.0,poseidon,condorpool,poseidon-worker-1-container-36-39,merged_netcdf2png,/opt/netcdf2png/merged_netcdf2png,,0.1,0,0,,,,,,,,,
merged_netcdf2png_ID0000299,None,compute,0,1708143811.0,,,1708143816.0,1708144324.0,1708144417.0,1834482.1,1708144316.0,1708144568.0,1708144469.0,1708144524.0,393.0,1708144568.0,1708144573.0,5.0,,500.0,252.0,5.0,93.0,160656166.0,55.0,21659.0,poseidon,condorpool,poseidon-worker-1-container-44-47,merged_netcdf2png,/opt/netcdf2png/merged_netcdf2png,,0.1,0,0,,,,,,,,,
merged_netcdf2png_ID0000298,None,compute,0,1708143811.0,,,1708143816.0,1708144324.0,1708144416.0,1854637.1,1708144316.0,1708144573.0,1708144469.0,1708144526.0,383.0,1708144573.0,1708144578.0,5.0,,500.0,257.0,5.0,92.0,160656166.0,57.0,21765.0,poseidon,condorpool,poseidon-worker-1-container-0-3,merged_netcdf2png,/opt/netcdf2png/merged_netcdf2png,,0.1,0,0,,,,,,,,,
merged_netcdf2png_ID0000297,hdd_10,compute,0,1708143811.0,,,1708143816.0,1708144324.0,1708144416.0,1858584.6,1708144322.0,1708144703.0,1708144469.0,1708144628.0,277.0,1708144703.0,1708144708.0,5.0,,506.0,381.0,5.0,92.0,160656166.0,159.0,43888.0,poseidon,condorpool,poseidon-worker-1-container-16-19,merged_netcdf2png,/opt/netcdf2png/merged_netcdf2png,,0.1,0,0,,,,,,,,,
merged_netcdf2png_ID0000292,None,compute,0,1708143811.0,,,1708143816.0,1708144409.0,1708144469.0,2033695.4,1708144324.0,1708144573.0,1708144526.0,1708144529.0,6594.0,1708144573.0,1708144578.0,5.0,,508.0,249.0,5.0,60.0,160656166.0,3.0,21967.0,poseidon,condorpool,poseidon-worker-1-container-44-47,merged_netcdf2png,/opt/netcdf2png/merged_netcdf2png,,0.1,0,0,0.0,381299.0,0.0,562.0,0.0,0.0,0.1,12710.0,
mrtV2_ID0000254,hdd_10,compute,0,1708143811.0,,,1708143816.0,1708144345.0,1708144411.0,3314048.8,1708144323.0,1708144568.0,1708144469.0,1708144524.0,203.0,1708144568.0,1708144573.0,5.0,,507.0,245.0,5.0,66.0,160605089.0,55.0,11243.0,poseidon,condorpool,poseidon-worker-1-container-28-31,mrtV2,/opt/mrtV2/mrtV2,,0.1,0,0,,,,,,,,,
merged_netcdf2png_ID0000291,hdd_10,compute,0,1708143811.0,,,1708143816.0,1708144345.0,1708144417.0,2433968.8,1708144323.0,1708144533.0,1708144469.0,1708144524.0,402.0,1708144533.0,1708144538.0,5.0,,507.0,210.0,5.0,72.0,160656166.0,55.0,22147.0,poseidon,condorpool,poseidon-worker-1-container-16-19,merged_netcdf2png,/opt/netcdf2png/merged_netcdf2png,,0.1,0,0,,,,,,,,,
mrtV2_ID0000255,None,compute,0,1708143811.0,,,1708143816.0,1708144355.0,1708144417.0,2854791.1,1708144323.0,1708144758.0,1708144469.0,1708144701.0,72.0,1708144758.0,1708144763.0,5.0,,507.0,435.0,5.0,62.0,160605089.0,232.0,16824.0,poseidon,condorpool,poseidon-worker-1-container-20-23,mrtV2,/opt/mrtV2/mrtV2,,0.1,0,0,,,,,,,,,
merged_netcdf2png_ID0000290,None,compute,0,1708143811.0,,,1708143816.0,1708144409.0,1708144469.0,2966442.9,1708144324.0,1708144573.0,1708144526.0,1708144529.0,6909.0,1708144573.0,1708144578.0,5.0,,508.0,249.0,5.0,60.0,160656166.0,3.0,21901.0,poseidon,condorpool,poseidon-worker-1-container-24-27,merged_netcdf2png,/opt/netcdf2png/merged_netcdf2png,,0.1,0,0,,,,,,,,,
mrtV2_ID0000265,None,compute,0,1708143811.0,,,1708143816.0,1708144409.0,1708144469.0,2585916.2,1708144324.0,1708144573.0,1708144526.0,1708144529.0,3018.0,1708144573.0,1708144578.0,5.0,,508.0,249.0,5.0,60.0,160605089.0,3.0,9939.0,poseidon,condorpool,poseidon-worker-1-container-44-47,mrtV2,/opt/mrtV2/mrtV2,,0.1,0,0,0.0,488128.0,0.0,584.0,0.0,0.0,0.1,16270.9,
mrtV2_ID0000258,None,compute,0,1708143811.0,,,1708143816.0,1708144345.0,1708144411.0,3314146.5,1708144323.0,1708144568.0,1708144469.0,1708144526.0,176.0,1708144568.0,1708144573.0,5.0,,507.0,245.0,5.0,66.0,160605089.0,57.0,10050.0,poseidon,condorpool,poseidon-worker-1-container-36-39,mrtV2,/opt/mrtV2/mrtV2,,0.1,0,0,,,,,,,,,
mrtV2_ID0000259,None,compute,0,1708143811.0,,,1708143816.0,1708144346.0,1708144418.0,2455975.2,1708144323.0,1708144573.0,1708144469.0,1708144526.0,177.0,1708144573.0,1708144578.0,5.0,,507.0,250.0,5.0,72.0,160605089.0,57.0,10075.0,poseidon,condorpool,poseidon-worker-1-container-36-39,mrtV2,/opt/mrtV2/mrtV2,,0.1,0,0,,,,,,,,,
merged_netcdf2png_ID0000295,hdd_10,compute,0,1708143811.0,,,1708143816.0,1708144408.0,1708144419.0,27045827.5,1708144324.0,1708144758.0,1708144469.0,1708144701.0,187.0,1708144758.0,1708144763.0,5.0,,508.0,434.0,5.0,11.0,160656166.0,232.0,43424.0,poseidon,condorpool,poseidon-worker-1-container-12-15,merged_netcdf2png,/opt/netcdf2png/merged_netcdf2png,,0.1,0,0,,,,,,,,,
mrtV2_ID0000256,None,compute,0,1708143811.0,,,1708143816.0,1708144345.0,1708144416.0,2453798.1,1708144323.0,1708144758.0,1708144469.0,1708144701.0,72.0,1708144758.0,1708144763.0,5.0,,507.0,435.0,5.0,71.0,160605089.0,232.0,16782.0,poseidon,condorpool,poseidon-worker-1-container-32-35,mrtV2,/opt/mrtV2/mrtV2,,0.1,0,0,,,,,,,,,
merged_netcdf2png_ID0000294,None,compute,0,1708143811.0,,,1708143816.0,1708144346.0,1708144417.0,2473341.8,1708144323.0,1708144573.0,1708144469.0,1708144526.0,389.0,1708144573.0,1708144578.0,5.0,,507.0,250.0,5.0,71.0,160656166.0,57.0,22119.0,poseidon,condorpool,poseidon-worker-1-container-20-23,merged_netcdf2png,/opt/netcdf2png/merged_netcdf2png,,0.1,0,0,,,,,,,,,
merged_netcdf2png_ID0000293,None,compute,0,1708143811.0,,,1708143816.0,1708144409.0,1708144469.0,2089224.1,1708144324.0,1708144573.0,1708144526.0,1708144529.0,8140.0,1708144573.0,1708144578.0,5.0,,508.0,249.0,5.0,60.0,160656166.0,3.0,21852.0,poseidon,condorpool,poseidon-worker-1-container-24-27,merged_netcdf2png,/opt/netcdf2png/merged_netcdf2png,,0.1,0,0,,,,,,,,,
mrtV2_ID0000257,None,compute,0,1708143811.0,,,1708143816.0,1708144408.0,1708144419.0,31462918.2,1708144324.0,1708144573.0,1708144469.0,1708144526.0,177.0,1708144573.0,1708144578.0,5.0,,508.0,249.0,5.0,11.0,160605089.0,57.0,10042.0,poseidon,condorpool,poseidon-worker-1-container-40-43,mrtV2,/opt/mrtV2/mrtV2,,0.1,0,0,,,,,,,,,
mrtV2_ID0000261,hdd_10,compute,0,1708143811.0,,,1708143816.0,1708144345.0,1708144485.0,2046315.2,1708144323.0,1708144573.0,1708144526.0,1708144529.0,3371.0,1708144573.0,1708144578.0,5.0,,507.0,250.0,5.0,140.0,160605089.0,3.0,10674.0,poseidon,condorpool,poseidon-worker-1-container-28-31,mrtV2,/opt/mrtV2/mrtV2,,0.1,0,0,,,,,,,,,
mrtV2_ID0000262,None,compute,0,1708143811.0,,,1708143816.0,1708144409.0,1708144469.0,2072436.8,1708144324.0,1708144573.0,1708144526.0,1708144529.0,3129.0,1708144573.0,1708144578.0,5.0,,508.0,249.0,5.0,60.0,160605089.0,3.0,10286.0,poseidon,condorpool,poseidon-worker-1-container-44-47,mrtV2,/opt/mrtV2/mrtV2,,0.1,0,0,0.0,479886.0,0.0,566.0,0.0,0.0,0.0,15996.2,
mrtV2_ID0000260,hdd_10,compute,0,1708143811.0,,,1708143816.0,1708144345.0,1708144416.0,2455687.7,1708144323.0,1708144573.0,1708144469.0,1708144526.0,188.0,1708144573.0,1708144578.0,5.0,,507.0,250.0,5.0,71.0,160605089.0,57.0,10680.0,poseidon,condorpool,poseidon-worker-1-container-16-19,mrtV2,/opt/mrtV2/mrtV2,,0.1,0,0,,,,,,,,,
merged_netcdf2png_ID0000300,None,compute,0,1708143811.0,,,1708143816.0,1708144408.0,1708144418.0,27781595.0,1708144323.0,1708144573.0,1708144469.0,1708144526.0,380.0,1708144573.0,1708144578.0,5.0,,507.0,250.0,5.0,10.0,160656166.0,57.0,21561.0,poseidon,condorpool,poseidon-worker-1-container-8-11,merged_netcdf2png,/opt/netcdf2png/merged_netcdf2png,,0.1,0,0,,,,,,,,,
merged_netcdf2png_ID0000304,None,compute,0,1708143811.0,,,1708143816.0,1708144409.0,1708144469.0,2129581.7,1708144324.0,1708144573.0,1708144526.0,1708144529.0,6555.0,1708144573.0,1708144578.0,5.0,,508.0,249.0,5.0,60.0,160656166.0,3.0,21594.0,poseidon,condorpool,poseidon-worker-1-container-24-27,merged_netcdf2png,/opt/netcdf2png/merged_netcdf2png,,0.1,0,0,,,,,,,,,
merged_netcdf2png_ID0000303,None,compute,0,1708143811.0,,,1708143816.0,1708144409.0,1708144469.0,2366303.2,1708144324.0,1708144573.0,1708144526.0,1708144529.0,6623.0,1708144573.0,1708144578.0,5.0,,508.0,249.0,5.0,60.0,160656166.0,3.0,21830.0,poseidon,condorpool,poseidon-worker-1-container-40-43,merged_netcdf2png,/opt/netcdf2png/merged_netcdf2png,,0.1,0,0,,,,,,,,,
merged_netcdf2png_ID0000302,hdd_10,compute,0,1708143811.0,,,1708143816.0,1708144391.0,1708144418.0,7686419.3,1708144323.0,1708144758.0,1708144469.0,1708144701.0,187.0,1708144758.0,1708144763.0,5.0,,507.0,435.0,5.0,27.0,160656166.0,232.0,43458.0,poseidon,condorpool,poseidon-worker-1-container-28-31,merged_netcdf2png,/opt/netcdf2png/merged_netcdf2png,,0.1,0,0,,,,,,,,,
mrtV2_ID0000281,None,compute,0,1708143811.0,,,1708143821.0,1708144625.0,1708144704.0,27412698.5,1708144570.0,1708144974.0,1708144755.0,1708144920.0,113.0,1708144974.0,1708144979.0,10.0,,749.0,404.0,5.0,79.0,160605089.0,165.0,18694.0,poseidon,condorpool,poseidon-worker-1-container-36-39,mrtV2,/opt/mrtV2/mrtV2,,0.1,0,0,,,,,,,,,
mrtV2_ID0000032,hdd_10,compute,0,1708143811.0,,,1708143816.0,1708144323.0,1708144417.0,1827537.3,1708144313.0,1708144573.0,1708144469.0,1708144526.0,131.0,1708144573.0,1708144578.0,5.0,,497.0,260.0,5.0,94.0,160605089.0,57.0,7490.0,poseidon,condorpool,poseidon-worker-1-container-12-15,mrtV2,/opt/mrtV2/mrtV2,,0.1,0,0,,,,,,,,,
merged_netcdf2png_ID0000311,None,compute,0,1708143811.0,,,1708143821.0,1708144527.0,1708144628.0,3644773.4,1708144470.0,1708144784.0,1708144755.0,1708144769.0,1549.0,1708144784.0,1708144789.0,10.0,,649.0,314.0,5.0,101.0,160656166.0,14.0,21698.0,poseidon,condorpool,poseidon-worker-1-container-8-11,merged_netcdf2png,/opt/netcdf2png/merged_netcdf2png,,0.2,0,0,,,,,,,,,
merged_netcdf2png_ID0000038,None,compute,0,1708143811.0,,,1708143816.0,1708144488.0,1708144673.0,1903044.8,1708144345.0,1708145124.0,1708144816.0,1708145027.0,207.0,1708145124.0,1708145129.0,5.0,,529.0,779.0,5.0,185.0,160656166.0,211.0,43784.0,poseidon,condorpool,poseidon-worker-2-container-12-15,merged_netcdf2png,/opt/netcdf2png/merged_netcdf2png,,0.1,0,0,,,,,,,,,
mrtV2_ID0000013,None,compute,0,1708143811.0,,,1708143816.0,1708144394.0,1708144571.0,1672593.0,1708144249.0,1708144819.0,1708144669.0,1708144744.0,128.0,1708144819.0,1708144824.0,5.0,,433.0,570.0,5.0,177.0,160605089.0,75.0,9561.0,poseidon,condorpool,poseidon-worker-2-container-44-47,mrtV2,/opt/mrtV2/mrtV2,,0.1,0,0,0.0,460288.0,0.0,557.0,0.0,0.0,0.0,5753.6,
merged_netcdf2png_ID0000050,hdd_10,compute,0,1708143811.0,,,1708143816.0,1708144336.0,1708144571.0,1515790.1,1708144204.0,1708144819.0,1708144669.0,1708144744.0,293.0,1708144819.0,1708144824.0,5.0,,388.0,615.0,5.0,235.0,160656166.0,75.0,21840.0,poseidon,condorpool,poseidon-worker-2-container-24-27,merged_netcdf2png,/opt/netcdf2png/merged_netcdf2png,,0.1,0,0,0.0,294642.0,0.0,534.0,0.0,0.0,0.0,3683.0,
mrtV2_ID0000012,hdd_10,compute,0,1708143811.0,,,1708143816.0,1708144336.0,1708144488.0,1320940.4,1708144204.0,1708144673.0,1708144569.0,1708144588.0,518.0,1708144673.0,1708144678.0,5.0,,388.0,469.0,5.0,152.0,160605089.0,19.0,10139.0,poseidon,condorpool,poseidon-worker-2-container-40-43,mrtV2,/opt/mrtV2/mrtV2,,0.1,0,0,,,,,,,,,
merged_netcdf2png_ID0000059,None,compute,0,1708143811.0,,,1708143816.0,1708144367.0,1708144673.0,781732.1,1708144235.0,1708144879.0,1708144816.0,1708144820.0,4980.0,1708144879.0,1708144884.0,5.0,,419.0,644.0,5.0,306.0,160656166.0,4.0,21352.0,poseidon,condorpool,poseidon-worker-2-container-12-15,merged_netcdf2png,/opt/netcdf2png/merged_netcdf2png,,0.1,0,0,,,,,,,,,
mrtV2_ID0000019,hdd_10,compute,0,1708143811.0,,,1708143816.0,1708144325.0,1708144440.0,3172707.4,1708144204.0,1708144673.0,1708144568.0,1708144572.0,2637.0,1708144673.0,1708144678.0,5.0,,388.0,469.0,5.0,115.0,160605089.0,4.0,10113.0,poseidon,condorpool,poseidon-worker-2-container-24-27,mrtV2,/opt/mrtV2/mrtV2,,0.1,0,0,,,,,,,,,
merged_netcdf2png_ID0000055,hdd_10,compute,0,1708143811.0,,,1708143816.0,1708144284.0,1708144571.0,1018090.6,1708144203.0,1708144819.0,1708144669.0,1708144744.0,287.0,1708144819.0,1708144824.0,5.0,,387.0,616.0,5.0,287.0,160656166.0,75.0,21348.0,poseidon,condorpool,poseidon-worker-2-container-28-31,merged_netcdf2png,/opt/netcdf2png/merged_netcdf2png,,0.1,0,0,,,,,,,,,
mrtV2_ID0000018,None,compute,0,1708143811.0,,,1708143816.0,1708144206.0,1708144488.0,694907.4,1708144202.0,1708144673.0,1708144569.0,1708144572.0,3105.0,1708144673.0,1708144678.0,5.0,,386.0,471.0,5.0,282.0,160605089.0,3.0,9619.0,poseidon,condorpool,poseidon-worker-2-container-12-15,mrtV2,/opt/mrtV2/mrtV2,,0.1,0,0,,,,,,,,,
merged_netcdf2png_ID0000056,None,compute,0,1708143811.0,,,1708143816.0,1708144243.0,1708144297.0,27306213.4,1708144155.0,1708144473.0,1708144303.0,1708144446.0,298.0,1708144473.0,1708144478.0,5.0,,339.0,318.0,5.0,54.0,160656166.0,143.0,42608.0,poseidon,condorpool,poseidon-worker-1-container-0-3,merged_netcdf2png,/opt/netcdf2png/merged_netcdf2png,,0.1,0,0,,,,,,,,,
merged_netcdf2png_ID0000057,None,compute,0,1708143811.0,,,1708143816.0,1708144243.0,1708144302.0,31863017.4,1708144155.0,1708144322.0,1708144307.0,1708144310.0,6950.0,1708144322.0,1708144327.0,5.0,,339.0,167.0,5.0,59.0,160656166.0,3.0,21172.0,poseidon,condorpool,poseidon-worker-1-container-4-7,merged_netcdf2png,/opt/netcdf2png/merged_netcdf2png,,0.1,0,0,,,,,,,,,
merged_netcdf2png_ID0000058,None,compute,0,1708143811.0,,,1708143816.0,1708144160.0,1708144202.0,7010757.0,1708144146.0,1708144337.0,1708144272.0,1708144299.0,792.0,1708144337.0,1708144342.0,5.0,,330.0,191.0,5.0,42.0,160656166.0,27.0,21360.0,poseidon,condorpool,poseidon-worker-2-container-0-3,merged_netcdf2png,/opt/netcdf2png/merged_netcdf2png,,0.1,0,0,,,,,,,,,
merged_netcdf2png_ID0000040,hdd_10,compute,0,1708143811.0,,,1708143816.0,1708144146.0,1708144202.0,4430892.9,1708144070.0,1708144337.0,1708144272.0,1708144299.0,814.0,1708144337.0,1708144342.0,5.0,,254.0,267.0,5.0,56.0,160656166.0,27.0,21932.0,poseidon,condorpool,poseidon-worker-2-container-4-7,merged_netcdf2png,/opt/netcdf2png/merged_netcdf2png,,0.1,0,0,,,,,,,,,
mrtV2_ID0000004,None,compute,0,1708143811.0,,,1708143816.0,1708144037.0,1708144297.0,1045160.9,1708144033.0,1708144322.0,1708144303.0,1708144307.0,2588.0,1708144322.0,1708144327.0,5.0,,217.0,289.0,5.0,260.0,160605089.0,4.0,10779.0,poseidon,condorpool,poseidon-worker-1-container-36-39,mrtV2,/opt/mrtV2/mrtV2,,0.1,0,0,,,,,,,,,
mrtV2_ID0000003,None,compute,0,1708143811.0,,,1708143816.0,1708144035.0,1708144297.0,2988195.2,1708144000.0,1708144317.0,1708144302.0,1708144307.0,2581.0,1708144317.0,1708144322.0,5.0,,184.0,317.0,5.0,262.0,160605089.0,5.0,10803.0,poseidon,condorpool,poseidon-worker-1-container-44-47,mrtV2,/opt/mrtV2/mrtV2,,0.1,0,0,,,,,,,,,
merged_netcdf2png_ID0000041,hdd_10,compute,0,1708143811.0,,,1708143816.0,1708144038.0,1708144297.0,1053153.8,1708144035.0,1708144322.0,1708144303.0,1708144307.0,5202.0,1708144322.0,1708144327.0,5.0,,219.0,287.0,5.0,259.0,160656166.0,4.0,21894.0,poseidon,condorpool,poseidon-worker-1-container-16-19,merged_netcdf2png,/opt/netcdf2png/merged_netcdf2png,,0.1,0,0,,,,,,,,,
mrtV2_ID0000006,None,compute,0,1708143811.0,,,1708143816.0,1708144038.0,1708144297.0,1054685.6,1708144036.0,1708144473.0,1708144303.0,1708144443.0,154.0,1708144473.0,1708144478.0,5.0,,220.0,437.0,5.0,259.0,160605089.0,140.0,21568.0,poseidon,condorpool,poseidon-worker-1-container-8-11,mrtV2,/opt/mrtV2/mrtV2,,0.1,0,0,,,,,,,,,
merged_netcdf2png_ID0000042,None,compute,0,1708143811.0,,,1708143816.0,1708144038.0,1708144302.0,1347279.0,1708144036.0,1708144322.0,1708144307.0,1708144310.0,7172.0,1708144322.0,1708144327.0,5.0,,220.0,286.0,5.0,264.0,160656166.0,3.0,21762.0,poseidon,condorpool,poseidon-worker-1-container-4-7,merged_netcdf2png,/opt/netcdf2png/merged_netcdf2png,,0.1,0,0,,,,,,,,,
mrtV2_ID0000005,hdd_10,compute,0,1708143811.0,,,1708143816.0,1708144035.0,1708144297.0,3043510.5,1708144000.0,1708144322.0,1708144303.0,1708144307.0,2806.0,1708144322.0,1708144327.0,5.0,,184.0,322.0,5.0,262.0,160605089.0,4.0,11624.0,poseidon,condorpool,poseidon-worker-1-container-12-15,mrtV2,/opt/mrtV2/mrtV2,,0.1,0,0,,,,,,,,,
merged_netcdf2png_ID0000043,None,compute,0,1708143811.0,,,1708143816.0,1708144037.0,1708144297.0,1042034.4,1708144033.0,1708144322.0,1708144303.0,1708144307.0,5243.0,1708144322.0,1708144327.0,5.0,,217.0,289.0,5.0,260.0,160656166.0,4.0,21746.0,poseidon,condorpool,poseidon-worker-1-container-24-27,merged_netcdf2png,/opt/netcdf2png/merged_netcdf2png,,0.1,0,0,,,,,,,,,
mrtV2_ID0000002,None,compute,0,1708143811.0,,,1708143816.0,1708144035.0,1708144297.0,4055429.8,1708144000.0,1708144322.0,1708144303.0,1708144307.0,2583.0,1708144322.0,1708144327.0,5.0,,184.0,322.0,5.0,262.0,160605089.0,4.0,10782.0,poseidon,condorpool,poseidon-worker-1-container-20-23,mrtV2,/opt/mrtV2/mrtV2,,0.1,0,0,,,,,,,,,
merged_netcdf2png_ID0000048,None,compute,0,1708143811.0,,,1708143816.0,1708144038.0,1708144297.0,1345087.2,1708144036.0,1708144473.0,1708144303.0,1708144441.0,310.0,1708144473.0,1708144478.0,5.0,,220.0,437.0,5.0,259.0,160656166.0,138.0,42854.0,poseidon,condorpool,poseidon-worker-1-container-24-27,merged_netcdf2png,/opt/netcdf2png/merged_netcdf2png,,0.1,0,0,,,,,,,,,
merged_netcdf2png_ID0000049,hdd_10,compute,0,1708143811.0,,,1708143816.0,1708144035.0,1708144297.0,4070296.1,1708144011.0,1708144322.0,1708144303.0,1708144307.0,5158.0,1708144322.0,1708144327.0,5.0,,195.0,311.0,5.0,262.0,160656166.0,4.0,21639.0,poseidon,condorpool,poseidon-worker-1-container-16-19,merged_netcdf2png,/opt/netcdf2png/merged_netcdf2png,,0.1,0,0,,,,,,,,,
merged_netcdf2png_ID0000044,None,compute,0,1708143811.0,,,1708143816.0,1708144035.0,1708144297.0,28172382.0,1708144002.0,1708144317.0,1708144303.0,1708144306.0,6837.0,1708144317.0,1708144322.0,5.0,,186.0,315.0,5.0,262.0,160656166.0,3.0,21787.0,poseidon,condorpool,poseidon-worker-1-container-40-43,merged_netcdf2png,/opt/netcdf2png/merged_netcdf2png,,0.1,0,0,,,,,,,,,
mrtV2_ID0000008,None,compute,0,1708143811.0,,,1708143816.0,1708144036.0,1708144297.0,1336716.5,1708144016.0,1708144322.0,1708144303.0,1708144307.0,2138.0,1708144322.0,1708144327.0,5.0,,200.0,306.0,5.0,261.0,160605089.0,4.0,8750.0,poseidon,condorpool,poseidon-worker-1-container-40-43,mrtV2,/opt/mrtV2/mrtV2,,0.1,0,0,,,,,,,,,
mrtV2_ID0000007,None,compute,0,1708143811.0,,,1708143816.0,1708144036.0,1708144302.0,1329899.3,1708144033.0,1708144322.0,1708144307.0,1708144310.0,2927.0,1708144322.0,1708144327.0,5.0,,217.0,289.0,5.0,266.0,160605089.0,3.0,8969.0,poseidon,condorpool,poseidon-worker-1-container-4-7,mrtV2,/opt/mrtV2/mrtV2,,0.0,0,0,,,,,,,,,
merged_netcdf2png_ID0000045,hdd_10,compute,0,1708143811.0,,,1708143816.0,1708144036.0,1708144297.0,1041492.0,1708144011.0,1708144473.0,1708144303.0,1708144443.0,306.0,1708144473.0,1708144478.0,5.0,,195.0,462.0,5.0,261.0,160656166.0,140.0,42916.0,poseidon,condorpool,poseidon-worker-1-container-12-15,merged_netcdf2png,/opt/netcdf2png/merged_netcdf2png,,0.1,0,0,,,,,,,,,
merged_netcdf2png_ID0000046,None,compute,0,1708143811.0,,,1708143816.0,1708144011.0,1708144297.0,2607179.2,1708143979.0,1708144322.0,1708144303.0,1708144307.0,5310.0,1708144322.0,1708144327.0,5.0,,163.0,343.0,5.0,286.0,160656166.0,4.0,21645.0,poseidon,condorpool,poseidon-worker-1-container-32-35,merged_netcdf2png,/opt/netcdf2png/merged_netcdf2png,,0.1,0,0,,,,,,,,,
mrtV2_ID0000009,None,compute,0,1708143811.0,,,1708143816.0,1708143982.0,1708144297.0,1821565.6,1708143978.0,1708144322.0,1708144303.0,1708144307.0,2452.0,1708144322.0,1708144327.0,5.0,,162.0,344.0,5.0,315.0,160605089.0,4.0,10114.0,poseidon,condorpool,poseidon-worker-1-container-20-23,mrtV2,/opt/mrtV2/mrtV2,,0.1,0,0,,,,,,,,,
merged_netcdf2png_ID0000037,hdd_10,compute,0,1708143811.0,,,1708143816.0,1708144569.0,1708144673.0,22507305.4,1708144367.0,1708144879.0,1708144816.0,1708144820.0,5097.0,1708144879.0,1708144884.0,5.0,,551.0,512.0,5.0,104.0,160656166.0,4.0,22029.0,poseidon,condorpool,poseidon-worker-2-container-28-31,merged_netcdf2png,/opt/netcdf2png/merged_netcdf2png,,0.1,0,0,,,,,,,,,
mrtV2_ID0000282,None,compute,0,1708143811.0,,,1708143821.0,1708144627.0,1708144704.0,30655243.8,1708144572.0,1708144783.0,1708144756.0,1708144769.0,686.0,1708144783.0,1708144789.0,10.0,,751.0,211.0,6.0,77.0,160605089.0,13.0,9563.0,poseidon,condorpool,poseidon-worker-1-container-36-39,mrtV2,/opt/mrtV2/mrtV2,,0.1,0,0,,,,,,,,,
mrtV2_ID0000010,hdd_10,compute,0,1708143811.0,,,1708143816.0,1708144336.0,1708144571.0,1514697.4,1708144204.0,1708144819.0,1708144669.0,1708144744.0,138.0,1708144819.0,1708144824.0,5.0,,388.0,615.0,5.0,235.0,160605089.0,75.0,10298.0,poseidon,condorpool,poseidon-worker-2-container-36-39,mrtV2,/opt/mrtV2/mrtV2,,0.1,0,0,0.0,487747.0,0.0,617.0,0.0,0.0,0.1,6096.8,
mrtV2_ID0000011,hdd_10,compute,0,1708143811.0,,,1708143816.0,1708144336.0,1708144571.0,1512867.7,1708144204.0,1708144819.0,1708144669.0,1708144744.0,138.0,1708144819.0,1708144824.0,5.0,,388.0,615.0,5.0,235.0,160605089.0,75.0,10303.0,poseidon,condorpool,poseidon-worker-2-container-32-35,mrtV2,/opt/mrtV2/mrtV2,,0.1,0,0,,,,,,,,,
merged_netcdf2png_ID0000047,None,compute,0,1708143811.0,,,1708143816.0,1708144011.0,1708144297.0,2597534.0,1708143979.0,1708144322.0,1708144303.0,1708144307.0,5270.0,1708144322.0,1708144327.0,5.0,,163.0,343.0,5.0,286.0,160656166.0,4.0,21699.0,poseidon,condorpool,poseidon-worker-1-container-36-39,merged_netcdf2png,/opt/netcdf2png/merged_netcdf2png,,0.1,0,0,,,,,,,,,
merged_netcdf2png_ID0000054,None,compute,0,1708143811.0,,,1708143816.0,1708144348.0,1708144673.0,712505.5,1708144211.0,1708144879.0,1708144816.0,1708144820.0,5110.0,1708144879.0,1708144884.0,5.0,,395.0,668.0,5.0,325.0,160656166.0,4.0,21694.0,poseidon,condorpool,poseidon-worker-2-container-0-3,merged_netcdf2png,/opt/netcdf2png/merged_netcdf2png,,0.1,0,0,,,,,,,,,
mrtV2_ID0000016,None,compute,0,1708143811.0,,,1708143816.0,1708144367.0,1708144673.0,781939.8,1708144249.0,1708144879.0,1708144816.0,1708144820.0,2199.0,1708144879.0,1708144884.0,5.0,,433.0,630.0,5.0,306.0,160605089.0,4.0,9471.0,poseidon,condorpool,poseidon-worker-2-container-44-47,mrtV2,/opt/mrtV2/mrtV2,,0.1,0,0,,,,,,,,,
merged_netcdf2png_ID0000039,hdd_10,compute,0,1708143811.0,,,1708143816.0,1708144488.0,1708144673.0,1906672.0,1708144348.0,1708144879.0,1708144816.0,1708144820.0,5059.0,1708144879.0,1708144884.0,5.0,,532.0,531.0,5.0,185.0,160656166.0,4.0,21874.0,poseidon,condorpool,poseidon-worker-2-container-28-31,merged_netcdf2png,/opt/netcdf2png/merged_netcdf2png,,0.1,0,0,,,,,,,,,
merged_netcdf2png_ID0000033,hdd_10,compute,0,1708143811.0,,,1708143816.0,1708144488.0,1708144673.0,1872650.1,1708144336.0,1708144879.0,1708144816.0,1708144820.0,5157.0,1708144879.0,1708144884.0,5.0,,520.0,543.0,5.0,185.0,160656166.0,4.0,22108.0,poseidon,condorpool,poseidon-worker-2-container-36-39,merged_netcdf2png,/opt/netcdf2png/merged_netcdf2png,,0.1,0,0,,,,,,,,,
merged_netcdf2png_ID0000034,hdd_10,compute,0,1708143811.0,,,1708143816.0,1708144488.0,1708144673.0,1886730.5,1708144348.0,1708144879.0,1708144816.0,1708144820.0,5154.0,1708144879.0,1708144884.0,5.0,,532.0,531.0,5.0,185.0,160656166.0,4.0,22169.0,poseidon,condorpool,poseidon-worker-2-container-32-35,merged_netcdf2png,/opt/netcdf2png/merged_netcdf2png,,0.1,0,0,,,,,,,,,
merged_netcdf2png_ID0000035,None,compute,0,1708143811.0,,,1708143816.0,1708144441.0,1708144673.0,1221530.9,1708144345.0,1708145124.0,1708144816.0,1708145027.0,209.0,1708145124.0,1708145129.0,5.0,,529.0,779.0,5.0,232.0,160656166.0,211.0,44348.0,poseidon,condorpool,poseidon-worker-2-container-16-19,merged_netcdf2png,/opt/netcdf2png/merged_netcdf2png,,0.1,0,0,0.0,310095.0,0.0,555.0,0.0,0.0,0.0,5168.3,
merged_netcdf2png_ID0000036,None,compute,0,1708143811.0,,,1708143816.0,1708144246.0,1708144297.0,4045050.8,1708144244.0,1708144322.0,1708144303.0,1708144307.0,5370.0,1708144322.0,1708144327.0,5.0,,428.0,78.0,5.0,51.0,160656166.0,4.0,22180.0,poseidon,condorpool,poseidon-worker-1-container-24-27,merged_netcdf2png,/opt/netcdf2png/merged_netcdf2png,,0.1,0,0,,,,,,,,,
mrtV2_ID0000031,hdd_10,compute,0,1708143811.0,,,1708143816.0,1708144246.0,1708144297.0,29682719.2,1708144244.0,1708144322.0,1708144303.0,1708144307.0,1616.0,1708144322.0,1708144327.0,5.0,,428.0,78.0,5.0,51.0,160605089.0,4.0,6566.0,poseidon,condorpool,poseidon-worker-1-container-28-31,mrtV2,/opt/mrtV2/mrtV2,,0.1,0,0,,,,,,,,,
mrtV2_ID0000030,None,compute,0,1708143811.0,,,1708143816.0,1708144247.0,1708144297.0,3055287.5,1708144245.0,1708144322.0,1708144303.0,1708144307.0,1829.0,1708144322.0,1708144327.0,5.0,,429.0,77.0,5.0,50.0,160605089.0,4.0,7667.0,poseidon,condorpool,poseidon-worker-1-container-40-43,mrtV2,/opt/mrtV2/mrtV2,,0.1,0,0,,,,,,,,,
merged_netcdf2png_ID0000062,hdd_10,compute,0,1708143811.0,,,1708143816.0,1708144367.0,1708144571.0,2145488.1,1708144249.0,1708144819.0,1708144669.0,1708144744.0,285.0,1708144819.0,1708144824.0,5.0,,433.0,570.0,5.0,204.0,160656166.0,75.0,21225.0,poseidon,condorpool,poseidon-worker-2-container-32-35,merged_netcdf2png,/opt/netcdf2png/merged_netcdf2png,,0.1,0,0,0.0,302562.0,0.0,552.0,0.0,0.0,0.0,3782.0,
mrtV2_ID0000026,hdd_10,compute,0,1708143811.0,,,1708143816.0,1708144348.0,1708144571.0,1708742.4,1708144206.0,1708144819.0,1708144669.0,1708144744.0,133.0,1708144819.0,1708144824.0,5.0,,390.0,613.0,5.0,223.0,160605089.0,75.0,9907.0,poseidon,condorpool,poseidon-worker-2-container-36-39,mrtV2,/opt/mrtV2/mrtV2,,0.1,0,0,0.0,310663.0,0.0,574.0,0.0,0.0,0.0,3883.3,
merged_netcdf2png_ID0000063,hdd_10,compute,0,1708143811.0,,,1708143816.0,1708144394.0,1708144673.0,906847.4,1708144249.0,1708144879.0,1708144816.0,1708144819.0,5978.0,1708144879.0,1708144884.0,5.0,,433.0,630.0,5.0,279.0,160656166.0,3.0,21489.0,poseidon,condorpool,poseidon-worker-2-container-24-27,merged_netcdf2png,/opt/netcdf2png/merged_netcdf2png,,0.1,0,0,,,,,,,,,
mrtV2_ID0000028,hdd_10,compute,0,1708143811.0,,,1708143816.0,1708144394.0,1708144571.0,1672360.7,1708144249.0,1708144819.0,1708144669.0,1708144744.0,102.0,1708144819.0,1708144824.0,5.0,,433.0,570.0,5.0,177.0,160605089.0,75.0,7661.0,poseidon,condorpool,poseidon-worker-2-container-8-11,mrtV2,/opt/mrtV2/mrtV2,,0.1,0,0,0.0,467090.0,0.0,572.0,0.0,0.0,0.1,5838.6,
mrtV2_ID0000027,hdd_10,compute,0,1708143811.0,,,1708143816.0,1708144336.0,1708144571.0,1516684.9,1708144206.0,1708144819.0,1708144669.0,1708144744.0,116.0,1708144819.0,1708144824.0,5.0,,390.0,613.0,5.0,235.0,160605089.0,75.0,8680.0,poseidon,condorpool,poseidon-worker-2-container-40-43,mrtV2,/opt/mrtV2/mrtV2,,0.1,0,0,0.0,476784.0,0.0,593.0,0.0,0.0,0.0,5959.8,
mrtV2_ID0000022,hdd_10,compute,0,1708143811.0,,,1708143816.0,1708144394.0,1708144673.0,903752.6,1708144249.0,1708144879.0,1708144816.0,1708144820.0,2421.0,1708144879.0,1708144884.0,5.0,,433.0,630.0,5.0,279.0,160605089.0,4.0,10396.0,poseidon,condorpool,poseidon-worker-2-container-36-39,mrtV2,/opt/mrtV2/mrtV2,,0.1,0,0,,,,,,,,,
mrtV2_ID0000025,hdd_10,compute,0,1708143811.0,,,1708143816.0,1708144348.0,1708144571.0,1131559.0,1708144206.0,1708144819.0,1708144669.0,1708144744.0,116.0,1708144819.0,1708144824.0,5.0,,390.0,613.0,5.0,223.0,160605089.0,75.0,8678.0,poseidon,condorpool,poseidon-worker-2-container-40-43,mrtV2,/opt/mrtV2/mrtV2,,0.1,0,0,0.0,311993.0,0.0,577.0,0.0,0.0,0.0,3899.9,
merged_netcdf2png_ID0000052,hdd_10,compute,0,1708143811.0,,,1708143816.0,1708144345.0,1708144571.0,1104251.2,1708144204.0,1708144819.0,1708144669.0,1708144678.0,2386.0,1708144819.0,1708144824.0,5.0,,388.0,615.0,5.0,226.0,160656166.0,9.0,21674.0,poseidon,condorpool,poseidon-worker-2-container-4-7,merged_netcdf2png,/opt/netcdf2png/merged_netcdf2png,,0.1,0,0,0.0,307841.0,0.0,564.0,0.0,0.0,0.0,3848.0,
mrtV2_ID0000014,hdd_10,compute,0,1708143811.0,,,1708143816.0,1708144336.0,1708144488.0,1326212.9,1708144204.0,1708144673.0,1708144569.0,1708144572.0,3151.0,1708144673.0,1708144678.0,5.0,,388.0,469.0,5.0,152.0,160605089.0,3.0,9668.0,poseidon,condorpool,poseidon-worker-2-container-28-31,mrtV2,/opt/mrtV2/mrtV2,,0.1,0,0,,,,,,,,,
mrtV2_ID0000015,None,compute,0,1708143811.0,,,1708143816.0,1708144325.0,1708144489.0,1214791.4,1708144204.0,1708144673.0,1708144569.0,1708144572.0,3389.0,1708144673.0,1708144678.0,5.0,,388.0,469.0,5.0,164.0,160605089.0,3.0,10511.0,poseidon,condorpool,poseidon-worker-2-container-20-23,mrtV2,/opt/mrtV2/mrtV2,,0.1,0,0,,,,,,,,,
merged_netcdf2png_ID0000051,hdd_10,compute,0,1708143811.0,,,1708143816.0,1708144394.0,1708144571.0,1672764.2,1708144249.0,1708144819.0,1708144669.0,1708144744.0,287.0,1708144819.0,1708144824.0,5.0,,433.0,570.0,5.0,177.0,160656166.0,75.0,21364.0,poseidon,condorpool,poseidon-worker-2-container-8-11,merged_netcdf2png,/opt/netcdf2png/merged_netcdf2png,,0.1,0,0,0.0,317636.0,0.0,585.0,0.0,0.0,0.0,3970.4,
mrtV2_ID0000029,hdd_10,compute,0,1708143811.0,,,1708143816.0,1708144348.0,1708144571.0,1131324.2,1708144249.0,1708144819.0,1708144669.0,1708144744.0,115.0,1708144819.0,1708144824.0,5.0,,433.0,570.0,5.0,223.0,160605089.0,75.0,8617.0,poseidon,condorpool,poseidon-worker-2-container-4-7,mrtV2,/opt/mrtV2/mrtV2,,0.1,0,0,0.0,298047.0,0.0,547.0,0.0,0.0,0.0,3725.6,
merged_netcdf2png_ID0000061,None,compute,0,1708143811.0,,,1708143816.0,1708144394.0,1708144571.0,1672455.1,1708144249.0,1708144819.0,1708144669.0,1708144744.0,289.0,1708144819.0,1708144824.0,5.0,,433.0,570.0,5.0,177.0,160656166.0,75.0,21550.0,poseidon,condorpool,poseidon-worker-2-container-20-23,merged_netcdf2png,/opt/netcdf2png/merged_netcdf2png,,0.1,0,0,0.0,299768.0,0.0,546.0,0.0,0.0,0.0,3747.1,
mrtV2_ID0000020,None,compute,0,1708143811.0,,,1708143816.0,1708144367.0,1708144571.0,1303496.6,1708144249.0,1708144819.0,1708144669.0,1708144744.0,130.0,1708144819.0,1708144824.0,5.0,,433.0,570.0,5.0,204.0,160605089.0,75.0,9743.0,poseidon,condorpool,poseidon-worker-2-container-12-15,mrtV2,/opt/mrtV2/mrtV2,,0.1,0,0,0.0,284822.0,0.0,517.0,0.0,0.0,0.0,3560.3,
mrtV2_ID0000017,hdd_10,compute,0,1708143811.0,,,1708143816.0,1708144348.0,1708144488.0,1467190.9,1708144204.0,1708144673.0,1708144569.0,1708144588.0,486.0,1708144673.0,1708144678.0,5.0,,388.0,469.0,5.0,140.0,160605089.0,19.0,9504.0,poseidon,condorpool,poseidon-worker-2-container-8-11,mrtV2,/opt/mrtV2/mrtV2,,0.0,0,0,,,,,,,,,
merged_netcdf2png_ID0000060,hdd_10,compute,0,1708143811.0,,,1708143816.0,1708144367.0,1708144571.0,2139984.2,1708144249.0,1708144819.0,1708144669.0,1708144744.0,288.0,1708144819.0,1708144824.0,5.0,,433.0,570.0,5.0,204.0,160656166.0,75.0,21434.0,poseidon,condorpool,poseidon-worker-2-container-24-27,merged_netcdf2png,/opt/netcdf2png/merged_netcdf2png,,0.1,0,0,,,,,,,,,
mrtV2_ID0000024,hdd_10,compute,0,1708143811.0,,,1708143816.0,1708144394.0,1708144673.0,905681.0,1708144249.0,1708144879.0,1708144784.0,1708144817.0,277.0,1708144879.0,1708144884.0,5.0,,433.0,630.0,5.0,279.0,160605089.0,33.0,9250.0,poseidon,condorpool,poseidon-worker-2-container-8-11,mrtV2,/opt/mrtV2/mrtV2,,0.1,0,0,,,,,,,,,
mrtV2_ID0000021,None,compute,0,1708143811.0,,,1708143816.0,1708144367.0,1708144571.0,1303147.9,1708144249.0,1708144819.0,1708144669.0,1708144744.0,127.0,1708144819.0,1708144824.0,5.0,,433.0,570.0,5.0,204.0,160605089.0,75.0,9452.0,poseidon,condorpool,poseidon-worker-2-container-44-47,mrtV2,/opt/mrtV2/mrtV2,,0.1,0,0,0.0,292760.0,0.0,535.0,0.0,0.0,0.0,3659.5,
mrtV2_ID0000023,None,compute,0,1708143811.0,,,1708143816.0,1708144367.0,1708144673.0,785628.0,1708144249.0,1708144879.0,1708144816.0,1708144820.0,2138.0,1708144879.0,1708144884.0,5.0,,433.0,630.0,5.0,306.0,160605089.0,4.0,9260.0,poseidon,condorpool,poseidon-worker-2-container-20-23,mrtV2,/opt/mrtV2/mrtV2,,0.1,0,0,0.0,293390.0,0.0,523.0,0.0,0.0,0.0,4889.8,
merged_netcdf2png_ID0000053,None,compute,0,1708143811.0,,,1708143816.0,1708144348.0,1708144673.0,722332.9,1708144206.0,1708144879.0,1708144816.0,1708144820.0,5013.0,1708144879.0,1708144884.0,5.0,,390.0,673.0,5.0,325.0,160656166.0,4.0,21704.0,poseidon,condorpool,poseidon-worker-2-container-0-3,merged_netcdf2png,/opt/netcdf2png/merged_netcdf2png,,0.1,0,0,,,,,,,,,
merged_netcdf2png_ID0000175,None,compute,0,1708143821.0,,,1708143826.0,1708144628.0,1708144758.0,2113562.6,1708144626.0,1708144849.0,1708144781.0,1708144808.0,805.0,1708144849.0,1708144854.0,5.0,,800.0,223.0,5.0,130.0,160656166.0,27.0,21515.0,poseidon,condorpool,poseidon-worker-1-container-40-43,merged_netcdf2png,/opt/netcdf2png/merged_netcdf2png,,0.1,0,0,0.0,368817.0,0.0,522.0,0.0,0.0,0.1,36881.7,
mrtV2_ID0000134,None,compute,0,1708143821.0,,,1708143826.0,1708144627.0,1708144747.0,1411174.0,1708144625.0,1708144974.0,1708144756.0,1708144920.0,133.0,1708144974.0,1708144979.0,5.0,,799.0,349.0,5.0,120.0,160605089.0,164.0,21956.0,poseidon,condorpool,poseidon-worker-1-container-24-27,mrtV2,/opt/mrtV2/mrtV2,,0.1,0,0,,,,,,,,,
merged_netcdf2png_ID0000170,None,compute,0,1708143821.0,,,1708143826.0,1708144627.0,1708144756.0,1968687.8,1708144625.0,1708144849.0,1708144781.0,1708144808.0,816.0,1708144849.0,1708144854.0,5.0,,799.0,224.0,5.0,129.0,160656166.0,27.0,21782.0,poseidon,condorpool,poseidon-worker-1-container-8-11,merged_netcdf2png,/opt/netcdf2png/merged_netcdf2png,,0.1,0,0,0.0,357686.0,0.0,498.0,0.0,0.0,0.1,35768.6,
mrtV2_ID0000131,None,compute,0,1708143821.0,,,1708143826.0,1708144628.0,1708144758.0,2113367.4,1708144625.0,1708144849.0,1708144780.0,1708144808.0,356.0,1708144849.0,1708144854.0,5.0,,799.0,224.0,5.0,130.0,160605089.0,28.0,9717.0,poseidon,condorpool,poseidon-worker-1-container-40-43,mrtV2,/opt/mrtV2/mrtV2,,0.1,0,0,0.0,460588.0,0.0,511.0,0.0,0.0,0.1,46058.8,
mrtV2_ID0000132,None,compute,0,1708143821.0,,,1708143826.0,1708144628.0,1708144758.0,2106097.7,1708144626.0,1708144849.0,1708144780.0,1708144808.0,338.0,1708144849.0,1708144854.0,5.0,,800.0,223.0,5.0,130.0,160605089.0,28.0,9230.0,poseidon,condorpool,poseidon-worker-1-container-40-43,mrtV2,/opt/mrtV2/mrtV2,,0.1,0,0,0.0,471606.0,0.0,535.0,0.0,0.0,0.0,47160.6,
mrtV2_ID0000136,hdd_10,compute,0,1708143821.0,,,1708143826.0,1708144784.0,1708144889.0,3264135.2,1708144673.0,1708145124.0,1708144964.0,1708145036.0,149.0,1708145124.0,1708145129.0,5.0,,847.0,451.0,5.0,105.0,160605089.0,72.0,10777.0,poseidon,condorpool,poseidon-worker-2-container-8-11,mrtV2,/opt/mrtV2/mrtV2,,0.1,0,0,,,,,,,,,
mrtV2_ID0000138,None,compute,0,1708143821.0,,,1708143826.0,1708144784.0,1708144889.0,3262976.8,1708144670.0,1708145124.0,1708144964.0,1708145070.0,95.0,1708145124.0,1708145129.0,5.0,,844.0,454.0,5.0,105.0,160605089.0,106.0,10090.0,poseidon,condorpool,poseidon-worker-2-container-20-23,mrtV2,/opt/mrtV2/mrtV2,,0.1,0,0,,,,,,,,,
merged_netcdf2png_ID0000174,None,compute,0,1708143821.0,,,1708143826.0,1708144818.0,1708144935.0,1553623.1,1708144784.0,1708145124.0,1708145036.0,1708145113.0,285.0,1708145124.0,1708145129.0,5.0,,958.0,340.0,5.0,117.0,160656166.0,77.0,21834.0,poseidon,condorpool,poseidon-worker-2-container-12-15,merged_netcdf2png,/opt/netcdf2png/merged_netcdf2png,,0.1,0,0,,,,,,,,,
merged_netcdf2png_ID0000173,hdd_10,compute,0,1708143821.0,,,1708143826.0,1708144784.0,1708144876.0,4428751.9,1708144673.0,1708145109.0,1708144935.0,1708145027.0,235.0,1708145109.0,1708145114.0,5.0,,847.0,436.0,5.0,92.0,160656166.0,92.0,21595.0,poseidon,condorpool,poseidon-worker-2-container-24-27,merged_netcdf2png,/opt/netcdf2png/merged_netcdf2png,,0.1,0,0,,,,,,,,,
mrtV2_ID0000135,hdd_10,compute,0,1708143821.0,,,1708143826.0,1708144784.0,1708144889.0,3253203.9,1708144673.0,1708145124.0,1708144964.0,1708145070.0,101.0,1708145124.0,1708145129.0,5.0,,847.0,451.0,5.0,105.0,160605089.0,106.0,10779.0,poseidon,condorpool,poseidon-worker-2-container-28-31,mrtV2,/opt/mrtV2/mrtV2,,0.1,0,0,,,,,,,,,
merged_netcdf2png_ID0000171,None,compute,0,1708143821.0,,,1708143826.0,1708144626.0,1708144704.0,28196776.0,1708144571.0,1708144783.0,1708144756.0,1708144769.0,1571.0,1708144783.0,1708144789.0,5.0,,745.0,212.0,6.0,78.0,160656166.0,13.0,21740.0,poseidon,condorpool,poseidon-worker-1-container-36-39,merged_netcdf2png,/opt/netcdf2png/merged_netcdf2png,,0.1,0,0,,,,,,,,,
mrtV2_ID0000137,hdd_10,compute,0,1708143821.0,,,1708143826.0,1708144628.0,1708144758.0,2112565.4,1708144626.0,1708144849.0,1708144780.0,1708144808.0,423.0,1708144849.0,1708144854.0,5.0,,800.0,223.0,5.0,130.0,160605089.0,28.0,11573.0,poseidon,condorpool,poseidon-worker-1-container-16-19,mrtV2,/opt/mrtV2/mrtV2,,0.1,0,0,0.0,440218.0,0.0,466.0,0.0,0.0,0.1,44021.8,
mrtV2_ID0000133,None,compute,0,1708143821.0,,,1708143826.0,1708144627.0,1708144704.0,28469376.2,1708144571.0,1708144783.0,1708144756.0,1708144769.0,832.0,1708144783.0,1708144789.0,5.0,,745.0,212.0,6.0,77.0,160605089.0,13.0,11565.0,poseidon,condorpool,poseidon-worker-1-container-4-7,mrtV2,/opt/mrtV2/mrtV2,,0.1,0,0,,,,,,,,,
merged_netcdf2png_ID0000165,None,compute,0,1708143821.0,,,1708143826.0,1708144627.0,1708144704.0,29307194.0,1708144571.0,1708144974.0,1708144756.0,1708144920.0,267.0,1708144974.0,1708144979.0,5.0,,745.0,403.0,5.0,77.0,160656166.0,164.0,44070.0,poseidon,condorpool,poseidon-worker-1-container-44-47,merged_netcdf2png,/opt/netcdf2png/merged_netcdf2png,,0.1,0,0,,,,,,,,,
mrtV2_ID0000139,hdd_10,compute,0,1708143821.0,,,1708143826.0,1708144626.0,1708144758.0,31433468.2,1708144571.0,1708144849.0,1708144781.0,1708144808.0,415.0,1708144849.0,1708144854.0,5.0,,745.0,278.0,5.0,132.0,160605089.0,27.0,11087.0,poseidon,condorpool,poseidon-worker-1-container-28-31,mrtV2,/opt/mrtV2/mrtV2,,0.1,0,0,0.0,441269.0,0.0,469.0,0.0,0.0,0.0,44126.9,
merged_netcdf2png_ID0000177,None,compute,0,1708143821.0,,,1708143826.0,1708144626.0,1708144704.0,30163444.0,1708144571.0,1708144783.0,1708144756.0,1708144759.0,6773.0,1708144783.0,1708144789.0,5.0,,745.0,212.0,6.0,78.0,160656166.0,3.0,21401.0,poseidon,condorpool,poseidon-worker-1-container-32-35,merged_netcdf2png,/opt/netcdf2png/merged_netcdf2png,,0.1,0,0,,,,,,,,,
merged_netcdf2png_ID0000178,None,compute,0,1708143821.0,,,1708143826.0,1708144626.0,1708144704.0,26488898.0,1708144571.0,1708144974.0,1708144756.0,1708144920.0,264.0,1708144974.0,1708144979.0,5.0,,745.0,403.0,5.0,78.0,160656166.0,164.0,43502.0,poseidon,condorpool,poseidon-worker-1-container-8-11,merged_netcdf2png,/opt/netcdf2png/merged_netcdf2png,,0.1,0,0,,,,,,,,,
merged_netcdf2png_ID0000179,None,compute,0,1708143821.0,,,1708143826.0,1708144627.0,1708144704.0,28159648.5,1708144571.0,1708144783.0,1708144756.0,1708144769.0,1568.0,1708144783.0,1708144789.0,5.0,,745.0,212.0,6.0,77.0,160656166.0,13.0,21672.0,poseidon,condorpool,poseidon-worker-1-container-44-47,merged_netcdf2png,/opt/netcdf2png/merged_netcdf2png,,0.1,0,0,,,,,,,,,
mrtV2_ID0000130,None,compute,0,1708143821.0,,,1708143826.0,1708144629.0,1708144758.0,2108321.4,1708144627.0,1708144849.0,1708144780.0,1708144808.0,378.0,1708144849.0,1708144854.0,5.0,,801.0,222.0,5.0,129.0,160605089.0,28.0,10424.0,poseidon,condorpool,poseidon-worker-1-container-4-7,mrtV2,/opt/mrtV2/mrtV2,,0.0,0,0,,,,,,,,,
merged_netcdf2png_ID0000161,None,compute,0,1708143821.0,,,1708143826.0,1708144626.0,1708144704.0,30438545.8,1708144571.0,1708144783.0,1708144756.0,1708144770.0,1570.0,1708144783.0,1708144789.0,5.0,,745.0,212.0,6.0,78.0,160656166.0,14.0,21903.0,poseidon,condorpool,poseidon-worker-1-container-4-7,merged_netcdf2png,/opt/netcdf2png/merged_netcdf2png,,0.1,0,0,,,,,,,,,
merged_netcdf2png_ID0000162,None,compute,0,1708143821.0,,,1708143826.0,1708144628.0,1708144758.0,2107191.3,1708144626.0,1708144849.0,1708144781.0,1708144808.0,820.0,1708144849.0,1708144854.0,5.0,,800.0,223.0,5.0,130.0,160656166.0,27.0,21900.0,poseidon,condorpool,poseidon-worker-1-container-24-27,merged_netcdf2png,/opt/netcdf2png/merged_netcdf2png,,0.1,0,0,0.0,356410.0,0.0,495.0,0.0,0.0,0.1,35641.0,
merged_netcdf2png_ID0000163,None,compute,0,1708143821.0,,,1708143826.0,1708144626.0,1708144704.0,27976747.8,1708144571.0,1708145004.0,1708144756.0,1708144971.0,203.0,1708145004.0,1708145009.0,5.0,,745.0,433.0,5.0,78.0,160656166.0,215.0,43782.0,poseidon,condorpool,poseidon-worker-1-container-44-47,merged_netcdf2png,/opt/netcdf2png/merged_netcdf2png,,0.1,0,0,,,,,,,,,
merged_netcdf2png_ID0000164,None,compute,0,1708143821.0,,,1708143826.0,1708144626.0,1708144704.0,27192119.5,1708144571.0,1708144783.0,1708144756.0,1708144759.0,6906.0,1708144783.0,1708144789.0,5.0,,745.0,212.0,6.0,78.0,160656166.0,3.0,21707.0,poseidon,condorpool,poseidon-worker-1-container-0-3,merged_netcdf2png,/opt/netcdf2png/merged_netcdf2png,,0.1,0,0,,,,,,,,,
merged_netcdf2png_ID0000160,None,compute,0,1708143821.0,,,1708143826.0,1708144628.0,1708144758.0,2104929.6,1708144625.0,1708144849.0,1708144781.0,1708144808.0,820.0,1708144849.0,1708144854.0,5.0,,799.0,224.0,5.0,130.0,160656166.0,27.0,21898.0,poseidon,condorpool,poseidon-worker-1-container-40-43,merged_netcdf2png,/opt/netcdf2png/merged_netcdf2png,,0.1,0,0,0.0,313779.0,0.0,530.0,0.0,0.0,0.0,31377.9,
merged_netcdf2png_ID0000169,hdd_10,compute,0,1708143821.0,,,1708143826.0,1708144626.0,1708144704.0,29970309.2,1708144571.0,1708144783.0,1708144756.0,1708144759.0,6936.0,1708144783.0,1708144789.0,5.0,,745.0,212.0,6.0,78.0,160656166.0,3.0,21932.0,poseidon,condorpool,poseidon-worker-1-container-12-15,merged_netcdf2png,/opt/netcdf2png/merged_netcdf2png,,0.1,0,0,,,,,,,,,
merged_netcdf2png_ID0000172,hdd_10,compute,0,1708143821.0,,,1708143826.0,1708144784.0,1708144876.0,4430350.8,1708144673.0,1708145124.0,1708144935.0,1708145027.0,233.0,1708145124.0,1708145129.0,5.0,,847.0,451.0,5.0,92.0,160656166.0,92.0,21454.0,poseidon,condorpool,poseidon-worker-2-container-40-43,merged_netcdf2png,/opt/netcdf2png/merged_netcdf2png,,0.2,0,0,,,,,,,,,
mrtV2_ID0000129,None,compute,0,1708143821.0,,,1708143826.0,1708144627.0,1708144704.0,2735855.1,1708144571.0,1708144974.0,1708144756.0,1708144920.0,146.0,1708144974.0,1708144979.0,5.0,,745.0,403.0,5.0,77.0,160605089.0,164.0,24070.0,poseidon,condorpool,poseidon-worker-1-container-8-11,mrtV2,/opt/mrtV2/mrtV2,,0.1,0,0,,,,,,,,,
merged_netcdf2png_ID0000166,None,compute,0,1708143821.0,,,1708143826.0,1708144626.0,1708144704.0,27420786.2,1708144571.0,1708144784.0,1708144756.0,1708144769.0,1566.0,1708144784.0,1708144789.0,5.0,,745.0,213.0,5.0,78.0,160656166.0,13.0,21614.0,poseidon,condorpool,poseidon-worker-1-container-32-35,merged_netcdf2png,/opt/netcdf2png/merged_netcdf2png,,0.1,0,0,,,,,,,,,
merged_netcdf2png_ID0000176,None,compute,0,1708143821.0,,,1708143826.0,1708144628.0,1708144758.0,2111809.2,1708144626.0,1708144849.0,1708144781.0,1708144808.0,816.0,1708144849.0,1708144854.0,5.0,,800.0,223.0,5.0,130.0,160656166.0,27.0,21783.0,poseidon,condorpool,poseidon-worker-1-container-4-7,merged_netcdf2png,/opt/netcdf2png/merged_netcdf2png,,0.1,0,0,0.0,357638.0,0.0,498.0,0.0,0.0,0.1,35763.8,
mrtV2_ID0000140,hdd_10,compute,0,1708143821.0,,,1708143826.0,1708144704.0,1708144758.0,3507840.6,1708144702.0,1708144849.0,1708144780.0,1708144808.0,367.0,1708144849.0,1708144854.0,5.0,,876.0,147.0,5.0,54.0,160605089.0,28.0,10045.0,poseidon,condorpool,poseidon-worker-1-container-16-19,mrtV2,/opt/mrtV2/mrtV2,,0.1,0,0,0.0,444331.0,0.0,475.0,0.0,0.0,0.1,44433.1,
merged_netcdf2png_ID0000186,None,compute,0,1708143821.0,,,1708143826.0,1708144900.0,1708145002.0,3066537.3,1708144824.0,1708145054.0,1708145010.0,1708145021.0,2001.0,1708145054.0,1708145059.0,5.0,,998.0,230.0,5.0,102.0,160656166.0,11.0,21457.0,poseidon,condorpool,poseidon-worker-1-container-4-7,merged_netcdf2png,/opt/netcdf2png/merged_netcdf2png,,0.1,0,0,,,,,,,,,
merged_netcdf2png_ID0000189,None,compute,0,1708143821.0,,,1708143826.0,1708144770.0,1708144846.0,10366977.5,1708144756.0,1708145014.0,1708144920.0,1708144971.0,414.0,1708145014.0,1708145019.0,5.0,,930.0,258.0,5.0,76.0,160656166.0,51.0,21339.0,poseidon,condorpool,poseidon-worker-1-container-32-35,merged_netcdf2png,/opt/netcdf2png/merged_netcdf2png,,0.1,0,0,,,,,,,,,
mrtV2_ID0000158,hdd_10,compute,0,1708143821.0,,,1708143826.0,1708144875.0,1708145122.0,982361.3,1708144818.0,1708145269.0,1708145208.0,1708145211.0,3178.0,1708145269.0,1708145274.0,5.0,,992.0,451.0,5.0,247.0,160605089.0,3.0,9778.0,poseidon,condorpool,poseidon-worker-2-container-4-7,mrtV2,/opt/mrtV2/mrtV2,,0.1,0,0,,,,,,,,,
mrtV2_ID0000128,None,compute,0,1708143821.0,,,1708143826.0,1708144626.0,1708144704.0,30747672.2,1708144571.0,1708144784.0,1708144755.0,1708144769.0,858.0,1708144784.0,1708144789.0,5.0,,745.0,213.0,5.0,78.0,160605089.0,14.0,11998.0,poseidon,condorpool,poseidon-worker-1-container-24-27,mrtV2,/opt/mrtV2/mrtV2,,0.1,0,0,,,,,,,,,
mrtV2_ID0000157,hdd_10,compute,0,1708143821.0,,,1708143826.0,1708144920.0,1708145012.0,3023410.9,1708144846.0,1708145054.0,1708145021.0,1708145024.0,2604.0,1708145054.0,1708145059.0,5.0,,1020.0,208.0,5.0,92.0,160605089.0,3.0,8592.0,poseidon,condorpool,poseidon-worker-1-container-12-15,mrtV2,/opt/mrtV2/mrtV2,,0.1,0,0,,,,,,,,,
mrtV2_ID0000154,None,compute,0,1708143821.0,,,1708143826.0,1708144900.0,1708145002.0,3061462.3,1708144824.0,1708145054.0,1708145010.0,1708145021.0,615.0,1708145054.0,1708145059.0,5.0,,998.0,230.0,5.0,102.0,160605089.0,11.0,6660.0,poseidon,condorpool,poseidon-worker-1-container-0-3,mrtV2,/opt/mrtV2/mrtV2,,0.1,0,0,,,,,,,,,
mrtV2_ID0000153,hdd_10,compute,0,1708143821.0,,,1708143826.0,1708144900.0,1708145002.0,3043785.2,1708144808.0,1708145054.0,1708145010.0,1708145021.0,945.0,1708145054.0,1708145059.0,5.0,,982.0,246.0,5.0,102.0,160605089.0,11.0,10201.0,poseidon,condorpool,poseidon-worker-1-container-28-31,mrtV2,/opt/mrtV2/mrtV2,,0.1,0,0,,,,,,,,,
mrtV2_ID0000156,None,compute,0,1708143821.0,,,1708143826.0,1708144900.0,1708145002.0,1746080.7,1708144808.0,1708145164.0,1708145010.0,1708145154.0,117.0,1708145164.0,1708145169.0,5.0,,982.0,356.0,5.0,102.0,160605089.0,144.0,16998.0,poseidon,condorpool,poseidon-worker-1-container-0-3,mrtV2,/opt/mrtV2/mrtV2,,0.1,0,0,,,,,,,,,
mrtV2_ID0000155,None,compute,0,1708143821.0,,,1708143826.0,1708144900.0,1708145002.0,3070801.9,1708144808.0,1708145054.0,1708145010.0,1708145021.0,683.0,1708145054.0,1708145059.0,5.0,,982.0,246.0,5.0,102.0,160605089.0,11.0,7386.0,poseidon,condorpool,poseidon-worker-1-container-20-23,mrtV2,/opt/mrtV2/mrtV2,,0.1,0,0,,,,,,,,,
merged_netcdf2png_ID0000159,None,compute,0,1708143821.0,,,1708143826.0,1708144900.0,1708145002.0,3041496.2,1708144824.0,1708145054.0,1708145010.0,1708145021.0,2030.0,1708145054.0,1708145059.0,5.0,,998.0,230.0,5.0,102.0,160656166.0,11.0,21729.0,poseidon,condorpool,poseidon-worker-1-container-36-39,merged_netcdf2png,/opt/netcdf2png/merged_netcdf2png,,0.1,0,0,,,,,,,,,
mrtV2_ID0000150,None,compute,0,1708143821.0,,,1708143826.0,1708144900.0,1708145002.0,3077613.6,1708144808.0,1708145024.0,1708145010.0,1708145013.0,2940.0,1708145024.0,1708145029.0,5.0,,982.0,216.0,5.0,102.0,160605089.0,3.0,9359.0,poseidon,condorpool,poseidon-worker-1-container-8-11,mrtV2,/opt/mrtV2/mrtV2,,0.1,0,0,,,,,,,,,
mrtV2_ID0000152,None,compute,0,1708143821.0,,,1708143826.0,1708144900.0,1708145002.0,3055596.9,1708144808.0,1708145159.0,1708145010.0,1708145152.0,131.0,1708145159.0,1708145164.0,5.0,,982.0,351.0,5.0,102.0,160605089.0,142.0,18728.0,poseidon,condorpool,poseidon-worker-1-container-32-35,mrtV2,/opt/mrtV2/mrtV2,,0.1,0,0,,,,,,,,,
mrtV2_ID0000151,None,compute,0,1708143821.0,,,1708143826.0,1708144900.0,1708145002.0,3045663.2,1708144824.0,1708145054.0,1708145010.0,1708145021.0,932.0,1708145054.0,1708145059.0,5.0,,998.0,230.0,5.0,102.0,160605089.0,11.0,10087.0,poseidon,condorpool,poseidon-worker-1-container-24-27,mrtV2,/opt/mrtV2/mrtV2,,0.1,0,0,,,,,,,,,
mrtV2_ID0000147,None,compute,0,1708143821.0,,,1708143826.0,1708144900.0,1708145002.0,3059644.5,1708144808.0,1708145024.0,1708145010.0,1708145013.0,2957.0,1708145024.0,1708145029.0,5.0,,982.0,216.0,5.0,102.0,160605089.0,3.0,9355.0,poseidon,condorpool,poseidon-worker-1-container-24-27,mrtV2,/opt/mrtV2/mrtV2,,0.1,0,0,,,,,,,,,
merged_netcdf2png_ID0000183,None,compute,0,1708143821.0,,,1708143826.0,1708144900.0,1708145002.0,3041596.6,1708144808.0,1708145024.0,1708145010.0,1708145012.0,7906.0,1708145024.0,1708145029.0,5.0,,982.0,216.0,5.0,102.0,160656166.0,2.0,21365.0,poseidon,condorpool,poseidon-worker-1-container-0-3,merged_netcdf2png,/opt/netcdf2png/merged_netcdf2png,,0.1,0,0,,,,,,,,,
mrtV2_ID0000141,None,compute,0,1708143821.0,,,1708143826.0,1708144770.0,1708144844.0,4792558.4,1708144756.0,1708145004.0,1708144920.0,1708144971.0,185.0,1708145004.0,1708145009.0,5.0,,930.0,248.0,5.0,74.0,160605089.0,51.0,9549.0,poseidon,condorpool,poseidon-worker-1-container-20-23,mrtV2,/opt/mrtV2/mrtV2,,0.1,0,0,,,,,,,,,
merged_netcdf2png_ID0000184,None,compute,0,1708143821.0,,,1708143826.0,1708144900.0,1708145002.0,3027728.8,1708144824.0,1708145164.0,1708145010.0,1708145156.0,292.0,1708145164.0,1708145169.0,5.0,,998.0,340.0,5.0,102.0,160656166.0,146.0,42852.0,poseidon,condorpool,poseidon-worker-1-container-4-7,merged_netcdf2png,/opt/netcdf2png/merged_netcdf2png,,0.1,0,0,,,,,,,,,
mrtV2_ID0000149,hdd_10,compute,0,1708143821.0,,,1708143826.0,1708144846.0,1708145002.0,1535897.9,1708144785.0,1708145024.0,1708145010.0,1708145013.0,3040.0,1708145024.0,1708145029.0,5.0,,959.0,239.0,5.0,156.0,160605089.0,3.0,9647.0,poseidon,condorpool,poseidon-worker-1-container-28-31,mrtV2,/opt/mrtV2/mrtV2,,0.1,0,0,,,,,,,,,
merged_netcdf2png_ID0000185,None,compute,0,1708143821.0,,,1708143826.0,1708144900.0,1708145002.0,3071543.5,1708144824.0,1708145024.0,1708145010.0,1708145013.0,8008.0,1708145024.0,1708145029.0,5.0,,998.0,200.0,5.0,102.0,160656166.0,3.0,21578.0,poseidon,condorpool,poseidon-worker-1-container-36-39,merged_netcdf2png,/opt/netcdf2png/merged_netcdf2png,,0.1,0,0,,,,,,,,,
mrtV2_ID0000148,None,compute,0,1708143821.0,,,1708143826.0,1708144844.0,1708145002.0,1502440.4,1708144783.0,1708145029.0,1708145010.0,1708145021.0,1044.0,1708145029.0,1708145034.0,5.0,,957.0,246.0,5.0,158.0,160605089.0,11.0,11291.0,poseidon,condorpool,poseidon-worker-1-container-36-39,mrtV2,/opt/mrtV2/mrtV2,,0.1,0,0,,,,,,,,,
mrtV2_ID0000143,hdd_10,compute,0,1708143821.0,,,1708143826.0,1708144808.0,1708144962.0,2008446.7,1708144782.0,1708145024.0,1708144971.0,1708145010.0,267.0,1708145024.0,1708145029.0,5.0,,956.0,242.0,5.0,154.0,160605089.0,39.0,10433.0,poseidon,condorpool,poseidon-worker-1-container-12-15,mrtV2,/opt/mrtV2/mrtV2,,0.1,0,0,,,,,,,,,
merged_netcdf2png_ID0000180,hdd_10,compute,0,1708143821.0,,,1708143826.0,1708144824.0,1708144962.0,2475312.8,1708144783.0,1708145024.0,1708144971.0,1708145010.0,545.0,1708145024.0,1708145029.0,5.0,,957.0,241.0,5.0,138.0,160656166.0,39.0,21307.0,poseidon,condorpool,poseidon-worker-1-container-16-19,merged_netcdf2png,/opt/netcdf2png/merged_netcdf2png,,0.2,0,0,,,,,,,,,
mrtV2_ID0000142,hdd_10,compute,0,1708143821.0,,,1708143826.0,1708144824.0,1708144962.0,2539821.1,1708144783.0,1708145024.0,1708144971.0,1708145010.0,246.0,1708145024.0,1708145029.0,5.0,,957.0,241.0,5.0,138.0,160605089.0,39.0,9644.0,poseidon,condorpool,poseidon-worker-1-container-12-15,mrtV2,/opt/mrtV2/mrtV2,,0.1,0,0,,,,,,,,,
mrtV2_ID0000145,None,compute,0,1708143821.0,,,1708143826.0,1708144846.0,1708145002.0,1511249.7,1708144784.0,1708145024.0,1708145010.0,1708145013.0,2864.0,1708145024.0,1708145029.0,5.0,,958.0,240.0,5.0,156.0,160605089.0,3.0,9163.0,poseidon,condorpool,poseidon-worker-1-container-20-23,mrtV2,/opt/mrtV2/mrtV2,,0.1,0,0,,,,,,,,,
merged_netcdf2png_ID0000181,None,compute,0,1708143821.0,,,1708143826.0,1708144808.0,1708144962.0,2049433.7,1708144782.0,1708145024.0,1708144971.0,1708145010.0,541.0,1708145024.0,1708145029.0,5.0,,956.0,242.0,5.0,154.0,160656166.0,39.0,21124.0,poseidon,condorpool,poseidon-worker-1-container-0-3,merged_netcdf2png,/opt/netcdf2png/merged_netcdf2png,,0.1,0,0,,,,,,,,,
mrtV2_ID0000144,None,compute,0,1708143821.0,,,1708143826.0,1708144824.0,1708144962.0,2537132.1,1708144782.0,1708145024.0,1708144971.0,1708145010.0,266.0,1708145024.0,1708145029.0,5.0,,956.0,242.0,5.0,138.0,160605089.0,39.0,10398.0,poseidon,condorpool,poseidon-worker-1-container-32-35,mrtV2,/opt/mrtV2/mrtV2,,0.1,0,0,,,,,,,,,
merged_netcdf2png_ID0000182,hdd_10,compute,0,1708143821.0,,,1708143826.0,1708144783.0,1708144962.0,1549039.3,1708144759.0,1708145024.0,1708144971.0,1708145010.0,540.0,1708145024.0,1708145029.0,5.0,,933.0,265.0,5.0,179.0,160656166.0,39.0,21126.0,poseidon,condorpool,poseidon-worker-1-container-12-15,merged_netcdf2png,/opt/netcdf2png/merged_netcdf2png,,0.1,0,0,,,,,,,,,
merged_netcdf2png_ID0000187,hdd_10,compute,0,1708143821.0,,,1708143826.0,1708144770.0,1708144844.0,4782734.8,1708144756.0,1708145004.0,1708144920.0,1708144971.0,417.0,1708145004.0,1708145009.0,5.0,,930.0,248.0,5.0,74.0,160656166.0,51.0,21512.0,poseidon,condorpool,poseidon-worker-1-container-28-31,merged_netcdf2png,/opt/netcdf2png/merged_netcdf2png,,0.2,0,0,,,,,,,,,
merged_netcdf2png_ID0000188,None,compute,0,1708143821.0,,,1708143826.0,1708144770.0,1708144846.0,10249240.7,1708144756.0,1708145014.0,1708144920.0,1708144971.0,418.0,1708145014.0,1708145019.0,5.0,,930.0,258.0,5.0,76.0,160656166.0,51.0,21545.0,poseidon,condorpool,poseidon-worker-1-container-32-35,merged_netcdf2png,/opt/netcdf2png/merged_netcdf2png,,0.1,0,0,,,,,,,,,
stage_out_local_condorpool_0_0,None,transfer,0,1708143821.0,,,1708143826.0,,,0.0,1708143827.0,1708143842.0,,,0.0,1708143842.0,1708143847.0,5.0,,1.0,15.0,5.0,,,,,poseidon,local,poseidon-submit,pegasus::transfer,/mnt/poseidon-data/poseidon/pegasus-5.1.0panorama/bin/pegasus-transfer,/home/poseidon/pegasus-5.1.0panorama/bin/../bin/pegasus-kickstart  -n pegasus::transfer -N null -i - -R local  -L casa-nowcast-small -T 2024-01-31T00:08:22+00:00 /home/poseidon/pegasus-5.1.0panorama/bin/../bin/pegasus-transfer  --threads 2,15.4,0,0,,,,,,,,,
mrtV2_ID0000146,None,compute,0,1708143821.0,,,1708143826.0,1708144847.0,1708145002.0,1539382.1,1708144808.0,1708145054.0,1708145010.0,1708145021.0,950.0,1708145054.0,1708145059.0,5.0,,982.0,246.0,5.0,155.0,160605089.0,11.0,10295.0,poseidon,condorpool,poseidon-worker-1-container-44-47,mrtV2,/opt/mrtV2/mrtV2,,0.1,0,0,,,,,,,,,
merged_netcdf2png_ID0000167,hdd_10,compute,0,1708143821.0,,,1708143826.0,1708144626.0,1708144704.0,26808990.0,1708144571.0,1708144964.0,1708144756.0,1708144920.0,264.0,1708144964.0,1708144969.0,5.0,,745.0,393.0,5.0,78.0,160656166.0,164.0,43596.0,poseidon,condorpool,poseidon-worker-1-container-16-19,merged_netcdf2png,/opt/netcdf2png/merged_netcdf2png,,0.1,0,0,,,,,,,,,
mrtV2_ID0000205,hdd_10,compute,0,1708143821.0,,,1708143826.0,1708144876.0,1708145027.0,1885990.5,1708144818.0,1708145174.0,1708145104.0,1708145121.0,630.0,1708145174.0,1708145179.0,5.0,,992.0,356.0,5.0,151.0,160605089.0,17.0,10237.0,poseidon,condorpool,poseidon-worker-2-container-36-39,mrtV2,/opt/mrtV2/mrtV2,,0.1,0,0,0.0,254557.0,0.0,418.0,0.0,0.0,0.0,8485.2,
merged_netcdf2png_ID0000239,hdd_10,compute,0,1708143821.0,,,1708143832.0,1708145055.0,1708145085.0,15476633.4,1708145053.0,1708145114.0,1708145102.0,1708145105.0,6955.0,1708145114.0,1708145119.0,11.0,,1221.0,61.0,5.0,30.0,160656166.0,3.0,21718.0,poseidon,condorpool,poseidon-worker-1-container-28-31,merged_netcdf2png,/opt/netcdf2png/merged_netcdf2png,,0.1,0,0,,,,,,,,,
merged_netcdf2png_ID0000251,None,compute,0,1708143821.0,,,1708143826.0,1708145113.0,1708145210.0,15394905.6,1708144890.0,1708145419.0,1708145268.0,1708145411.0,302.0,1708145419.0,1708145424.0,5.0,,1064.0,529.0,5.0,97.0,160656166.0,143.0,43360.0,poseidon,condorpool,poseidon-worker-2-container-44-47,merged_netcdf2png,/opt/netcdf2png/merged_netcdf2png,,0.1,0,0,,,,,,,,,
mrtV2_ID0000214,None,compute,0,1708143821.0,,,1708143826.0,1708144962.0,1708145012.0,13312940.5,1708144919.0,1708145054.0,1708145021.0,1708145024.0,3157.0,1708145054.0,1708145059.0,5.0,,1093.0,135.0,5.0,50.0,160605089.0,3.0,9940.0,poseidon,condorpool,poseidon-worker-1-container-40-43,mrtV2,/opt/mrtV2/mrtV2,,0.1,0,0,,,,,,,,,
merged_netcdf2png_ID0000252,None,compute,0,1708143821.0,,,1708143826.0,1708144921.0,1708145012.0,3080546.0,1708144846.0,1708145054.0,1708145021.0,1708145024.0,6636.0,1708145054.0,1708145059.0,5.0,,1020.0,208.0,5.0,91.0,160656166.0,3.0,21952.0,poseidon,condorpool,poseidon-worker-1-container-4-7,merged_netcdf2png,/opt/netcdf2png/merged_netcdf2png,,0.1,0,0,,,,,,,,,
mrtV2_ID0000211,hdd_10,compute,0,1708143821.0,,,1708143826.0,1708144962.0,1708145012.0,13508752.9,1708144919.0,1708145054.0,1708145021.0,1708145024.0,3074.0,1708145054.0,1708145059.0,5.0,,1093.0,135.0,5.0,50.0,160605089.0,3.0,9947.0,poseidon,condorpool,poseidon-worker-1-container-28-31,mrtV2,/opt/mrtV2/mrtV2,,0.1,0,0,,,,,,,,,
mrtV2_ID0000210,None,compute,0,1708143821.0,,,1708143826.0,1708144962.0,1708145012.0,13342120.0,1708144919.0,1708145054.0,1708145021.0,1708145024.0,2973.0,1708145054.0,1708145059.0,5.0,,1093.0,135.0,5.0,50.0,160605089.0,3.0,9747.0,poseidon,condorpool,poseidon-worker-1-container-40-43,mrtV2,/opt/mrtV2/mrtV2,,0.1,0,0,,,,,,,,,
mrtV2_ID0000217,hdd_10,compute,0,1708143821.0,,,1708143826.0,1708144921.0,1708145012.0,3083810.7,1708144846.0,1708145054.0,1708145021.0,1708145024.0,3423.0,1708145054.0,1708145059.0,5.0,,1020.0,208.0,5.0,91.0,160605089.0,3.0,10532.0,poseidon,condorpool,poseidon-worker-1-container-16-19,mrtV2,/opt/mrtV2/mrtV2,,0.1,0,0,,,,,,,,,
mrtV2_ID0000216,None,compute,0,1708143821.0,,,1708143826.0,1708144921.0,1708145012.0,3086392.4,1708144846.0,1708145054.0,1708145021.0,1708145024.0,3389.0,1708145054.0,1708145059.0,5.0,,1020.0,208.0,5.0,91.0,160605089.0,3.0,10988.0,poseidon,condorpool,poseidon-worker-1-container-40-43,mrtV2,/opt/mrtV2/mrtV2,,0.1,0,0,,,,,,,,,
mrtV2_ID0000219,hdd_10,compute,0,1708143821.0,,,1708143826.0,1708144921.0,1708145012.0,3005810.2,1708144846.0,1708145054.0,1708145021.0,1708145024.0,2751.0,1708145054.0,1708145059.0,5.0,,1020.0,208.0,5.0,91.0,160605089.0,3.0,9088.0,poseidon,condorpool,poseidon-worker-1-container-16-19,mrtV2,/opt/mrtV2/mrtV2,,0.1,0,0,,,,,,,,,
mrtV2_ID0000218,None,compute,0,1708143821.0,,,1708143826.0,1708144921.0,1708145012.0,3079551.6,1708144846.0,1708145054.0,1708145021.0,1708145024.0,2832.0,1708145054.0,1708145059.0,5.0,,1020.0,208.0,5.0,91.0,160605089.0,3.0,8721.0,poseidon,condorpool,poseidon-worker-1-container-20-23,mrtV2,/opt/mrtV2/mrtV2,,0.1,0,0,,,,,,,,,
mrtV2_ID0000202,None,compute,0,1708143821.0,,,1708143826.0,1708144921.0,1708145012.0,3081762.2,1708144846.0,1708145054.0,1708145021.0,1708145024.0,3944.0,1708145054.0,1708145059.0,5.0,,1020.0,208.0,5.0,91.0,160605089.0,3.0,12143.0,poseidon,condorpool,poseidon-worker-1-container-40-43,mrtV2,/opt/mrtV2/mrtV2,,0.1,0,0,,,,,,,,,
mrtV2_ID0000201,None,compute,0,1708143821.0,,,1708143826.0,1708144921.0,1708145012.0,3086135.7,1708144847.0,1708145054.0,1708145021.0,1708145024.0,3158.0,1708145054.0,1708145059.0,5.0,,1021.0,207.0,5.0,91.0,160605089.0,3.0,10131.0,poseidon,condorpool,poseidon-worker-1-container-24-27,mrtV2,/opt/mrtV2/mrtV2,,0.1,0,0,,,,,,,,,
merged_netcdf2png_ID0000240,None,compute,0,1708143821.0,,,1708143826.0,1708144921.0,1708145012.0,3041221.4,1708144846.0,1708145054.0,1708145021.0,1708145024.0,6605.0,1708145054.0,1708145059.0,5.0,,1020.0,208.0,5.0,91.0,160656166.0,3.0,21682.0,poseidon,condorpool,poseidon-worker-1-container-8-11,merged_netcdf2png,/opt/netcdf2png/merged_netcdf2png,,0.1,0,0,,,,,,,,,
mrtV2_ID0000204,None,compute,0,1708143821.0,,,1708143826.0,1708144962.0,1708145024.0,3178357.1,1708144919.0,1708145074.0,1708145053.0,1708145063.0,969.0,1708145074.0,1708145079.0,5.0,,1093.0,155.0,5.0,62.0,160605089.0,10.0,10040.0,poseidon,condorpool,poseidon-worker-1-container-4-7,mrtV2,/opt/mrtV2/mrtV2,,0.1,0,0,,,,,,,,,
mrtV2_ID0000215,None,compute,0,1708143821.0,,,1708143826.0,1708145036.0,1708145210.0,1849945.5,1708144889.0,1708145279.0,1708145268.0,1708145271.0,2810.0,1708145279.0,1708145284.0,5.0,,1063.0,390.0,5.0,174.0,160605089.0,3.0,9942.0,poseidon,condorpool,poseidon-worker-2-container-0-3,mrtV2,/opt/mrtV2/mrtV2,,0.1,0,0,,,,,,,,,
mrtV2_ID0000203,hdd_10,compute,0,1708143821.0,,,1708143826.0,1708145000.0,1708145210.0,1310599.0,1708144875.0,1708145284.0,1708145268.0,1708145271.0,2605.0,1708145284.0,1708145289.0,5.0,,1049.0,409.0,5.0,210.0,160605089.0,3.0,9303.0,poseidon,condorpool,poseidon-worker-2-container-4-7,mrtV2,/opt/mrtV2/mrtV2,,0.1,0,0,,,,,,,,,
mrtV2_ID0000200,hdd_10,compute,0,1708143821.0,,,1708143826.0,1708144876.0,1708145123.0,672184.3,1708144818.0,1708145269.0,1708145208.0,1708145211.0,3243.0,1708145269.0,1708145274.0,5.0,,992.0,451.0,5.0,247.0,160605089.0,3.0,10138.0,poseidon,condorpool,poseidon-worker-2-container-24-27,mrtV2,/opt/mrtV2/mrtV2,,0.0,0,0,,,,,,,,,
merged_netcdf2png_ID0000246,None,compute,0,1708143821.0,,,1708143826.0,1708144876.0,1708145071.0,1573694.2,1708144819.0,1708145209.0,1708145121.0,1708145124.0,6953.0,1708145209.0,1708145214.0,5.0,,993.0,390.0,5.0,195.0,160656166.0,3.0,21716.0,poseidon,condorpool,poseidon-worker-2-container-12-15,merged_netcdf2png,/opt/netcdf2png/merged_netcdf2png,,0.1,0,0,,,,,,,,,
merged_netcdf2png_ID0000168,None,compute,0,1708143821.0,,,1708143826.0,1708144627.0,1708144758.0,2086080.8,1708144625.0,1708144849.0,1708144781.0,1708144808.0,814.0,1708144849.0,1708144854.0,5.0,,799.0,224.0,5.0,131.0,160656166.0,27.0,21737.0,poseidon,condorpool,poseidon-worker-1-container-20-23,merged_netcdf2png,/opt/netcdf2png/merged_netcdf2png,,0.1,0,0,0.0,310208.0,0.0,393.0,0.0,0.0,0.1,31020.8,
merged_netcdf2png_ID0000247,None,compute,0,1708143821.0,,,1708143826.0,1708144935.0,1708145210.0,860875.9,1708144875.0,1708145284.0,1708145268.0,1708145271.0,6254.0,1708145284.0,1708145289.0,5.0,,1049.0,409.0,5.0,275.0,160656166.0,3.0,21980.0,poseidon,condorpool,poseidon-worker-2-container-44-47,merged_netcdf2png,/opt/netcdf2png/merged_netcdf2png,,0.1,0,0,,,,,,,,,
merged_netcdf2png_ID0000248,hdd_10,compute,0,1708143821.0,,,1708143826.0,1708144889.0,1708145208.0,609749.7,1708144819.0,1708145279.0,1708145266.0,1708145270.0,6943.0,1708145279.0,1708145284.0,5.0,,993.0,460.0,5.0,319.0,160656166.0,4.0,21640.0,poseidon,condorpool,poseidon-worker-2-container-8-11,merged_netcdf2png,/opt/netcdf2png/merged_netcdf2png,,0.1,0,0,,,,,,,,,
merged_netcdf2png_ID0000249,hdd_10,compute,0,1708143821.0,,,1708143826.0,1708144876.0,1708145036.0,1707081.7,1708144819.0,1708145209.0,1708145113.0,1708145123.0,2270.0,1708145209.0,1708145214.0,5.0,,993.0,390.0,5.0,160.0,160656166.0,10.0,21875.0,poseidon,condorpool,poseidon-worker-2-container-40-43,merged_netcdf2png,/opt/netcdf2png/merged_netcdf2png,,0.1,0,0,0.0,326243.0,0.0,442.0,0.0,0.0,0.1,10874.8,
merged_netcdf2png_ID0000242,None,compute,0,1708143821.0,,,1708143826.0,1708144935.0,1708145210.0,855025.2,1708144872.0,1708145284.0,1708145268.0,1708145271.0,6363.0,1708145284.0,1708145289.0,5.0,,1046.0,412.0,5.0,275.0,160656166.0,3.0,21866.0,poseidon,condorpool,poseidon-worker-2-container-44-47,merged_netcdf2png,/opt/netcdf2png/merged_netcdf2png,,0.1,0,0,,,,,,,,,
mrtV2_ID0000206,hdd_10,compute,0,1708143821.0,,,1708143826.0,1708144889.0,1708145208.0,609413.3,1708144818.0,1708145279.0,1708145266.0,1708145270.0,3313.0,1708145279.0,1708145284.0,5.0,,992.0,461.0,5.0,319.0,160605089.0,4.0,10254.0,poseidon,condorpool,poseidon-worker-2-container-8-11,mrtV2,/opt/mrtV2/mrtV2,,0.0,0,0,,,,,,,,,
merged_netcdf2png_ID0000243,hdd_10,compute,0,1708143821.0,,,1708143826.0,1708144889.0,1708145210.0,687506.8,1708144819.0,1708145419.0,1708145268.0,1708145412.0,302.0,1708145419.0,1708145424.0,5.0,,993.0,600.0,5.0,321.0,160656166.0,144.0,43502.0,poseidon,condorpool,poseidon-worker-2-container-40-43,merged_netcdf2png,/opt/netcdf2png/merged_netcdf2png,,0.1,0,0,,,,,,,,,
merged_netcdf2png_ID0000244,hdd_10,compute,0,1708143821.0,,,1708143826.0,1708144876.0,1708145071.0,1572925.9,1708144818.0,1708145209.0,1708145121.0,1708145124.0,6909.0,1708145209.0,1708145214.0,5.0,,992.0,391.0,5.0,195.0,160656166.0,3.0,21589.0,poseidon,condorpool,poseidon-worker-2-container-32-35,merged_netcdf2png,/opt/netcdf2png/merged_netcdf2png,,0.1,0,0,,,,,,,,,
mrtV2_ID0000208,hdd_10,compute,0,1708143821.0,,,1708143826.0,1708144935.0,1708145210.0,854886.1,1708144819.0,1708145284.0,1708145268.0,1708145271.0,2851.0,1708145284.0,1708145289.0,5.0,,993.0,465.0,5.0,275.0,160605089.0,3.0,10131.0,poseidon,condorpool,poseidon-worker-2-container-24-27,mrtV2,/opt/mrtV2/mrtV2,,0.1,0,0,,,,,,,,,
merged_netcdf2png_ID0000245,hdd_10,compute,0,1708143821.0,,,1708143826.0,1708144876.0,1708145113.0,962855.1,1708144818.0,1708145209.0,1708145121.0,1708145124.0,6983.0,1708145209.0,1708145214.0,5.0,,992.0,391.0,5.0,237.0,160656166.0,3.0,21637.0,poseidon,condorpool,poseidon-worker-2-container-28-31,merged_netcdf2png,/opt/netcdf2png/merged_netcdf2png,,0.1,0,0,,,,,,,,,
mrtV2_ID0000207,None,compute,0,1708143821.0,,,1708143826.0,1708144876.0,1708145071.0,1571633.6,1708144818.0,1708145209.0,1708145120.0,1708145123.0,3214.0,1708145209.0,1708145214.0,5.0,,992.0,391.0,5.0,195.0,160605089.0,3.0,9936.0,poseidon,condorpool,poseidon-worker-2-container-20-23,mrtV2,/opt/mrtV2/mrtV2,,0.1,0,0,,,,,,,,,
merged_netcdf2png_ID0000241,hdd_10,compute,0,1708143821.0,,,1708143826.0,1708144935.0,1708145210.0,860884.2,1708144872.0,1708145424.0,1708145268.0,1708145414.0,299.0,1708145424.0,1708145430.0,5.0,,1046.0,552.0,6.0,275.0,160656166.0,146.0,43836.0,poseidon,condorpool,poseidon-worker-2-container-36-39,merged_netcdf2png,/opt/netcdf2png/merged_netcdf2png,,0.1,0,0,,,,,,,,,
mrtV2_ID0000212,None,compute,0,1708143821.0,,,1708143826.0,1708145121.0,1708145210.0,28171840.5,1708144935.0,1708145284.0,1708145268.0,1708145271.0,2422.0,1708145284.0,1708145289.0,5.0,,1109.0,349.0,5.0,89.0,160605089.0,3.0,8545.0,poseidon,condorpool,poseidon-worker-2-container-0-3,mrtV2,/opt/mrtV2/mrtV2,,0.1,0,0,,,,,,,,,
mrtV2_ID0000209,hdd_10,compute,0,1708143821.0,,,1708143826.0,1708144935.0,1708145123.0,1171067.8,1708144872.0,1708145269.0,1708145208.0,1708145211.0,3324.0,1708145269.0,1708145274.0,5.0,,1046.0,397.0,5.0,188.0,160605089.0,3.0,10230.0,poseidon,condorpool,poseidon-worker-2-container-32-35,mrtV2,/opt/mrtV2/mrtV2,,0.0,0,0,,,,,,,,,
mrtV2_ID0000213,hdd_10,compute,0,1708143821.0,,,1708143826.0,1708145120.0,1708145210.0,28708011.4,1708144935.0,1708145284.0,1708145268.0,1708145271.0,2692.0,1708145284.0,1708145289.0,5.0,,1109.0,349.0,5.0,90.0,160605089.0,3.0,9549.0,poseidon,condorpool,poseidon-worker-2-container-28-31,mrtV2,/opt/mrtV2/mrtV2,,0.1,0,0,,,,,,,,,
merged_netcdf2png_ID0000250,None,compute,0,1708143821.0,,,1708143826.0,1708145121.0,1708145210.0,31406300.8,1708144935.0,1708145279.0,1708145268.0,1708145271.0,7670.0,1708145279.0,1708145284.0,5.0,,1109.0,344.0,5.0,89.0,160656166.0,3.0,21619.0,poseidon,condorpool,poseidon-worker-2-container-44-47,merged_netcdf2png,/opt/netcdf2png/merged_netcdf2png,,0.1,0,0,,,,,,,,,
merged_netcdf2png_ID0000230,None,compute,0,1708143821.0,,,1708143832.0,1708145055.0,1708145082.0,7664915.8,1708145053.0,1708145114.0,1708145102.0,1708145105.0,7067.0,1708145114.0,1708145119.0,11.0,,1221.0,61.0,5.0,27.0,160656166.0,3.0,22085.0,poseidon,condorpool,poseidon-worker-1-container-0-3,merged_netcdf2png,/opt/netcdf2png/merged_netcdf2png,,0.1,0,0,,,,,,,,,
mrtV2_ID0000198,None,compute,0,1708143821.0,,,1708143832.0,1708145063.0,1708145082.0,9521106.7,1708145054.0,1708145114.0,1708145102.0,1708145105.0,3342.0,1708145114.0,1708145119.0,11.0,,1222.0,60.0,5.0,19.0,160605089.0,3.0,10529.0,poseidon,condorpool,poseidon-worker-1-container-8-11,mrtV2,/opt/mrtV2/mrtV2,,0.1,0,0,,,,,,,,,
mrtV2_ID0000197,hdd_10,compute,0,1708143821.0,,,1708143832.0,1708145055.0,1708145084.0,15544889.2,1708145053.0,1708145114.0,1708145102.0,1708145105.0,3309.0,1708145114.0,1708145119.0,11.0,,1221.0,61.0,5.0,29.0,160605089.0,3.0,10335.0,poseidon,condorpool,poseidon-worker-1-container-16-19,mrtV2,/opt/mrtV2/mrtV2,,0.0,0,0,,,,,,,,,
mrtV2_ID0000199,None,compute,0,1708143821.0,,,1708143832.0,1708145063.0,1708145084.0,29999807.2,1708145055.0,1708145114.0,1708145102.0,1708145105.0,2958.0,1708145114.0,1708145119.0,11.0,,1223.0,59.0,5.0,21.0,160605089.0,3.0,9309.0,poseidon,condorpool,poseidon-worker-1-container-24-27,mrtV2,/opt/mrtV2/mrtV2,,0.0,0,0,,,,,,,,,
merged_netcdf2png_ID0000235,None,compute,0,1708143821.0,,,1708143832.0,1708145055.0,1708145082.0,7701685.2,1708145053.0,1708145114.0,1708145102.0,1708145105.0,6901.0,1708145114.0,1708145119.0,11.0,,1221.0,61.0,5.0,27.0,160656166.0,3.0,21849.0,poseidon,condorpool,poseidon-worker-1-container-44-47,merged_netcdf2png,/opt/netcdf2png/merged_netcdf2png,,0.1,0,0,,,,,,,,,
merged_netcdf2png_ID0000236,None,compute,0,1708143821.0,,,1708143832.0,1708145023.0,1708145066.0,5028446.2,1708145021.0,1708145094.0,1708145082.0,1708145085.0,6991.0,1708145094.0,1708145099.0,11.0,,1189.0,73.0,5.0,43.0,160656166.0,3.0,21731.0,poseidon,condorpool,poseidon-worker-1-container-8-11,merged_netcdf2png,/opt/netcdf2png/merged_netcdf2png,,0.1,0,0,,,,,,,,,
merged_netcdf2png_ID0000237,None,compute,0,1708143821.0,,,1708143832.0,1708145012.0,1708145063.0,8219805.0,1708145010.0,1708145094.0,1708145082.0,1708145085.0,6963.0,1708145094.0,1708145099.0,11.0,,1178.0,84.0,5.0,51.0,160656166.0,3.0,21821.0,poseidon,condorpool,poseidon-worker-1-container-44-47,merged_netcdf2png,/opt/netcdf2png/merged_netcdf2png,,0.1,0,0,,,,,,,,,
merged_netcdf2png_ID0000231,None,compute,0,1708143821.0,,,1708143832.0,1708145012.0,1708145055.0,12324632.0,1708145010.0,1708145094.0,1708145082.0,1708145085.0,6965.0,1708145094.0,1708145099.0,11.0,,1178.0,84.0,5.0,43.0,160656166.0,3.0,21973.0,poseidon,condorpool,poseidon-worker-1-container-44-47,merged_netcdf2png,/opt/netcdf2png/merged_netcdf2png,,0.1,0,0,,,,,,,,,
merged_netcdf2png_ID0000232,hdd_10,compute,0,1708143821.0,,,1708143832.0,1708145011.0,1708145056.0,12863429.5,1708145010.0,1708145094.0,1708145082.0,1708145085.0,6928.0,1708145094.0,1708145099.0,11.0,,1178.0,84.0,5.0,45.0,160656166.0,3.0,21956.0,poseidon,condorpool,poseidon-worker-1-container-16-19,merged_netcdf2png,/opt/netcdf2png/merged_netcdf2png,,0.1,0,0,,,,,,,,,
merged_netcdf2png_ID0000233,None,compute,0,1708143821.0,,,1708143832.0,1708145012.0,1708145055.0,13067790.7,1708145010.0,1708145094.0,1708145082.0,1708145085.0,7084.0,1708145094.0,1708145099.0,11.0,,1178.0,84.0,5.0,43.0,160656166.0,3.0,21909.0,poseidon,condorpool,poseidon-worker-1-container-36-39,merged_netcdf2png,/opt/netcdf2png/merged_netcdf2png,,0.1,0,0,,,,,,,,,
merged_netcdf2png_ID0000234,None,compute,0,1708143821.0,,,1708143832.0,1708145012.0,1708145063.0,8109628.1,1708145010.0,1708145094.0,1708145082.0,1708145085.0,6986.0,1708145094.0,1708145099.0,11.0,,1178.0,84.0,5.0,51.0,160656166.0,3.0,21714.0,poseidon,condorpool,poseidon-worker-1-container-24-27,merged_netcdf2png,/opt/netcdf2png/merged_netcdf2png,,0.1,0,0,,,,,,,,,
merged_netcdf2png_ID0000228,hdd_10,compute,0,1708143821.0,,,1708143832.0,1708145122.0,1708145210.0,27286570.5,1708145027.0,1708145284.0,1708145268.0,1708145271.0,6155.0,1708145284.0,1708145289.0,11.0,,1195.0,257.0,5.0,88.0,160656166.0,3.0,21982.0,poseidon,condorpool,poseidon-worker-2-container-40-43,merged_netcdf2png,/opt/netcdf2png/merged_netcdf2png,,0.1,0,0,,,,,,,,,
merged_netcdf2png_ID0000229,None,compute,0,1708143821.0,,,1708143832.0,1708145122.0,1708145210.0,27502423.0,1708144964.0,1708145284.0,1708145268.0,1708145271.0,6280.0,1708145284.0,1708145289.0,11.0,,1132.0,320.0,5.0,88.0,160656166.0,3.0,21732.0,poseidon,condorpool,poseidon-worker-2-container-0-3,merged_netcdf2png,/opt/netcdf2png/merged_netcdf2png,,0.1,0,0,,,,,,,,,
merged_netcdf2png_ID0000238,None,compute,0,1708143821.0,,,1708143832.0,1708145012.0,1708145055.0,13203907.8,1708145010.0,1708145094.0,1708145082.0,1708145085.0,6952.0,1708145094.0,1708145099.0,11.0,,1178.0,84.0,5.0,43.0,160656166.0,3.0,21675.0,poseidon,condorpool,poseidon-worker-1-container-8-11,merged_netcdf2png,/opt/netcdf2png/merged_netcdf2png,,0.1,0,0,,,,,,,,,
mrtV2_ID0000193,None,compute,0,1708143821.0,,,1708143832.0,1708145121.0,1708145210.0,27322982.5,1708144935.0,1708145284.0,1708145268.0,1708145271.0,2500.0,1708145284.0,1708145289.0,11.0,,1103.0,349.0,5.0,89.0,160605089.0,3.0,8682.0,poseidon,condorpool,poseidon-worker-2-container-0-3,mrtV2,/opt/mrtV2/mrtV2,,0.1,0,0,,,,,,,,,
mrtV2_ID0000194,hdd_10,compute,0,1708143821.0,,,1708143832.0,1708145121.0,1708145210.0,28679680.0,1708144964.0,1708145284.0,1708145268.0,1708145271.0,2958.0,1708145284.0,1708145289.0,11.0,,1132.0,320.0,5.0,89.0,160605089.0,3.0,10432.0,poseidon,condorpool,poseidon-worker-2-container-32-35,mrtV2,/opt/mrtV2/mrtV2,,0.1,0,0,,,,,,,,,
merged_netcdf2png_ID0000222,None,compute,0,1708143821.0,,,1708143826.0,1708145122.0,1708145210.0,28294144.0,1708145000.0,1708145419.0,1708145268.0,1708145409.0,313.0,1708145419.0,1708145424.0,5.0,,1174.0,419.0,5.0,88.0,160656166.0,141.0,44352.0,poseidon,condorpool,poseidon-worker-2-container-20-23,merged_netcdf2png,/opt/netcdf2png/merged_netcdf2png,,0.2,0,0,,,,,,,,,
merged_netcdf2png_ID0000227,None,compute,0,1708143821.0,,,1708143826.0,1708145113.0,1708145210.0,14813129.6,1708144935.0,1708145279.0,1708145268.0,1708145271.0,7643.0,1708145279.0,1708145284.0,5.0,,1109.0,344.0,5.0,97.0,160656166.0,3.0,22000.0,poseidon,condorpool,poseidon-worker-2-container-12-15,merged_netcdf2png,/opt/netcdf2png/merged_netcdf2png,,0.2,0,0,,,,,,,,,
merged_netcdf2png_ID0000226,hdd_10,compute,0,1708143821.0,,,1708143826.0,1708145113.0,1708145210.0,14494511.5,1708144935.0,1708145284.0,1708145268.0,1708145271.0,6275.0,1708145284.0,1708145289.0,5.0,,1109.0,349.0,5.0,97.0,160656166.0,3.0,22051.0,poseidon,condorpool,poseidon-worker-2-container-4-7,merged_netcdf2png,/opt/netcdf2png/merged_netcdf2png,,0.1,0,0,,,,,,,,,
merged_netcdf2png_ID0000223,None,compute,0,1708143821.0,,,1708143826.0,1708145113.0,1708145210.0,14802960.8,1708144935.0,1708145284.0,1708145268.0,1708145271.0,6296.0,1708145284.0,1708145289.0,5.0,,1109.0,349.0,5.0,97.0,160656166.0,3.0,22022.0,poseidon,condorpool,poseidon-worker-2-container-16-19,merged_netcdf2png,/opt/netcdf2png/merged_netcdf2png,,0.1,0,0,,,,,,,,,
merged_netcdf2png_ID0000224,hdd_10,compute,0,1708143821.0,,,1708143831.0,1708145070.0,1708145210.0,3044379.3,1708144890.0,1708145414.0,1708145268.0,1708145405.0,319.0,1708145414.0,1708145419.0,10.0,,1059.0,524.0,5.0,140.0,160656166.0,137.0,43976.0,poseidon,condorpool,poseidon-worker-2-container-28-31,merged_netcdf2png,/opt/netcdf2png/merged_netcdf2png,,0.1,0,0,,,,,,,,,
merged_netcdf2png_ID0000225,hdd_10,compute,0,1708143821.0,,,1708143831.0,1708145070.0,1708145210.0,3050741.8,1708144890.0,1708145284.0,1708145268.0,1708145271.0,6216.0,1708145284.0,1708145289.0,10.0,,1059.0,394.0,5.0,140.0,160656166.0,3.0,22002.0,poseidon,condorpool,poseidon-worker-2-container-8-11,merged_netcdf2png,/opt/netcdf2png/merged_netcdf2png,,0.1,0,0,,,,,,,,,
mrtV2_ID0000220,hdd_10,compute,0,1708143821.0,,,1708143831.0,1708145121.0,1708145210.0,27213402.5,1708144964.0,1708145284.0,1708145268.0,1708145271.0,2393.0,1708145284.0,1708145289.0,10.0,,1133.0,320.0,5.0,89.0,160605089.0,3.0,8433.0,poseidon,condorpool,poseidon-worker-2-container-36-39,mrtV2,/opt/mrtV2/mrtV2,,0.1,0,0,,,,,,,,,
mrtV2_ID0000191,None,compute,0,1708143821.0,,,1708143831.0,1708145036.0,1708145210.0,1852269.6,1708144890.0,1708145279.0,1708145268.0,1708145271.0,3008.0,1708145279.0,1708145284.0,10.0,,1059.0,389.0,5.0,174.0,160605089.0,3.0,10616.0,poseidon,condorpool,poseidon-worker-2-container-20-23,mrtV2,/opt/mrtV2/mrtV2,,0.1,0,0,,,,,,,,,
mrtV2_ID0000192,hdd_10,compute,0,1708143821.0,,,1708143831.0,1708145121.0,1708145210.0,27343084.5,1708144964.0,1708145284.0,1708145268.0,1708145271.0,2475.0,1708145284.0,1708145289.0,10.0,,1133.0,320.0,5.0,89.0,160605089.0,3.0,8796.0,poseidon,condorpool,poseidon-worker-2-container-4-7,mrtV2,/opt/mrtV2/mrtV2,,0.1,0,0,,,,,,,,,
mrtV2_ID0000195,hdd_10,compute,0,1708143821.0,,,1708143831.0,1708145122.0,1708145210.0,3015892.0,1708145071.0,1708145284.0,1708145268.0,1708145271.0,2998.0,1708145284.0,1708145289.0,10.0,,1240.0,213.0,5.0,88.0,160605089.0,3.0,10623.0,poseidon,condorpool,poseidon-worker-2-container-36-39,mrtV2,/opt/mrtV2/mrtV2,,0.1,0,0,,,,,,,,,
mrtV2_ID0000196,hdd_10,compute,0,1708143821.0,,,1708143832.0,1708145105.0,1708145210.0,8543604.9,1708144890.0,1708145284.0,1708145268.0,1708145271.0,2991.0,1708145284.0,1708145289.0,11.0,,1058.0,394.0,5.0,105.0,160605089.0,3.0,10648.0,poseidon,condorpool,poseidon-worker-2-container-32-35,mrtV2,/opt/mrtV2/mrtV2,,0.1,0,0,,,,,,,,,
mrtV2_ID0000221,hdd_10,compute,0,1708143821.0,,,1708143831.0,1708145120.0,1708145210.0,27425643.5,1708144935.0,1708145279.0,1708145268.0,1708145271.0,2594.0,1708145279.0,1708145284.0,10.0,,1104.0,344.0,5.0,90.0,160605089.0,3.0,9174.0,poseidon,condorpool,poseidon-worker-2-container-24-27,mrtV2,/opt/mrtV2/mrtV2,,0.1,0,0,,,,,,,,,
stage_out_local_condorpool_1_36,None,transfer,0,1708145059.0,,,1708145064.0,,,0.0,1708145064.0,1708145069.0,,,0.0,1708145069.0,1708145074.0,5.0,,0.0,5.0,5.0,,,,,poseidon,local,poseidon-submit,pegasus::transfer,/mnt/poseidon-data/poseidon/pegasus-5.1.0panorama/bin/pegasus-transfer,/home/poseidon/pegasus-5.1.0panorama/bin/../bin/pegasus-kickstart  -n pegasus::transfer -N null -i - -R local  -L casa-nowcast-small -T 2024-01-31T00:08:22+00:00 /home/poseidon/pegasus-5.1.0panorama/bin/../bin/pegasus-transfer  --threads 2,1.0,0,0,,,,,,,,,
stage_out_local_condorpool_1_35,None,transfer,0,1708145059.0,,,1708145064.0,,,0.0,1708145064.0,1708145069.0,,,0.0,1708145069.0,1708145074.0,5.0,,0.0,5.0,5.0,,,,,poseidon,local,poseidon-submit,pegasus::transfer,/mnt/poseidon-data/poseidon/pegasus-5.1.0panorama/bin/pegasus-transfer,/home/poseidon/pegasus-5.1.0panorama/bin/../bin/pegasus-kickstart  -n pegasus::transfer -N null -i - -R local  -L casa-nowcast-small -T 2024-01-31T00:08:22+00:00 /home/poseidon/pegasus-5.1.0panorama/bin/../bin/pegasus-transfer  --threads 2,1.0,0,0,,,,,,,,,
stage_out_local_condorpool_1_34,None,transfer,0,1708145059.0,,,1708145064.0,,,0.0,1708145064.0,1708145069.0,,,0.0,1708145069.0,1708145074.0,5.0,,0.0,5.0,5.0,,,,,poseidon,local,poseidon-submit,pegasus::transfer,/mnt/poseidon-data/poseidon/pegasus-5.1.0panorama/bin/pegasus-transfer,/home/poseidon/pegasus-5.1.0panorama/bin/../bin/pegasus-kickstart  -n pegasus::transfer -N null -i - -R local  -L casa-nowcast-small -T 2024-01-31T00:08:22+00:00 /home/poseidon/pegasus-5.1.0panorama/bin/../bin/pegasus-transfer  --threads 2,1.0,0,0,,,,,,,,,
stage_out_local_condorpool_1_30,None,transfer,0,1708145119.0,,,1708145124.0,,,0.0,1708145124.0,1708145129.0,,,0.0,1708145129.0,1708145134.0,5.0,,0.0,5.0,5.0,,,,,poseidon,local,poseidon-submit,pegasus::transfer,/mnt/poseidon-data/poseidon/pegasus-5.1.0panorama/bin/pegasus-transfer,/home/poseidon/pegasus-5.1.0panorama/bin/../bin/pegasus-kickstart  -n pegasus::transfer -N null -i - -R local  -L casa-nowcast-small -T 2024-01-31T00:08:22+00:00 /home/poseidon/pegasus-5.1.0panorama/bin/../bin/pegasus-transfer  --threads 2,1.0,0,0,,,,,,,,,
stage_out_local_condorpool_1_29,None,transfer,0,1708145119.0,,,1708145124.0,,,0.0,1708145124.0,1708145129.0,,,0.0,1708145129.0,1708145134.0,5.0,,0.0,5.0,5.0,,,,,poseidon,local,poseidon-submit,pegasus::transfer,/mnt/poseidon-data/poseidon/pegasus-5.1.0panorama/bin/pegasus-transfer,/home/poseidon/pegasus-5.1.0panorama/bin/../bin/pegasus-kickstart  -n pegasus::transfer -N null -i - -R local  -L casa-nowcast-small -T 2024-01-31T00:08:22+00:00 /home/poseidon/pegasus-5.1.0panorama/bin/../bin/pegasus-transfer  --threads 2,1.1,0,0,,,,,,,,,
stage_out_local_condorpool_1_28,None,transfer,0,1708145119.0,,,1708145124.0,,,0.0,1708145124.0,1708145129.0,,,0.0,1708145129.0,1708145134.0,5.0,,0.0,5.0,5.0,,,,,poseidon,local,poseidon-submit,pegasus::transfer,/mnt/poseidon-data/poseidon/pegasus-5.1.0panorama/bin/pegasus-transfer,/home/poseidon/pegasus-5.1.0panorama/bin/../bin/pegasus-kickstart  -n pegasus::transfer -N null -i - -R local  -L casa-nowcast-small -T 2024-01-31T00:08:22+00:00 /home/poseidon/pegasus-5.1.0panorama/bin/../bin/pegasus-transfer  --threads 2,1.1,0,0,,,,,,,,,
stage_out_local_condorpool_1_32,None,transfer,0,1708145119.0,,,1708145124.0,,,0.0,1708145124.0,1708145129.0,,,0.0,1708145129.0,1708145134.0,5.0,,0.0,5.0,5.0,,,,,poseidon,local,poseidon-submit,pegasus::transfer,/mnt/poseidon-data/poseidon/pegasus-5.1.0panorama/bin/pegasus-transfer,/home/poseidon/pegasus-5.1.0panorama/bin/../bin/pegasus-kickstart  -n pegasus::transfer -N null -i - -R local  -L casa-nowcast-small -T 2024-01-31T00:08:22+00:00 /home/poseidon/pegasus-5.1.0panorama/bin/../bin/pegasus-transfer  --threads 2,1.0,0,0,,,,,,,,,
stage_out_local_condorpool_1_33,None,transfer,0,1708145119.0,,,1708145124.0,,,0.0,1708145124.0,1708145129.0,,,0.0,1708145129.0,1708145134.0,5.0,,0.0,5.0,5.0,,,,,poseidon,local,poseidon-submit,pegasus::transfer,/mnt/poseidon-data/poseidon/pegasus-5.1.0panorama/bin/pegasus-transfer,/home/poseidon/pegasus-5.1.0panorama/bin/../bin/pegasus-kickstart  -n pegasus::transfer -N null -i - -R local  -L casa-nowcast-small -T 2024-01-31T00:08:22+00:00 /home/poseidon/pegasus-5.1.0panorama/bin/../bin/pegasus-transfer  --threads 2,1.0,0,0,,,,,,,,,
stage_out_local_condorpool_1_31,None,transfer,0,1708145119.0,,,1708145124.0,,,0.0,1708145124.0,1708145129.0,,,0.0,1708145129.0,1708145134.0,5.0,,0.0,5.0,5.0,,,,,poseidon,local,poseidon-submit,pegasus::transfer,/mnt/poseidon-data/poseidon/pegasus-5.1.0panorama/bin/pegasus-transfer,/home/poseidon/pegasus-5.1.0panorama/bin/../bin/pegasus-kickstart  -n pegasus::transfer -N null -i - -R local  -L casa-nowcast-small -T 2024-01-31T00:08:22+00:00 /home/poseidon/pegasus-5.1.0panorama/bin/../bin/pegasus-transfer  --threads 2,1.0,0,0,,,,,,,,,
stage_out_local_condorpool_1_27,None,transfer,0,1708145129.0,,,1708145134.0,,,0.0,1708145134.0,1708145139.0,,,0.0,1708145139.0,1708145144.0,5.0,,0.0,5.0,5.0,,,,,poseidon,local,poseidon-submit,pegasus::transfer,/mnt/poseidon-data/poseidon/pegasus-5.1.0panorama/bin/pegasus-transfer,/home/poseidon/pegasus-5.1.0panorama/bin/../bin/pegasus-kickstart  -n pegasus::transfer -N null -i - -R local  -L casa-nowcast-small -T 2024-01-31T00:08:22+00:00 /home/poseidon/pegasus-5.1.0panorama/bin/../bin/pegasus-transfer  --threads 2,1.1,0,0,,,,,,,,,
stage_out_local_condorpool_1_26,None,transfer,0,1708145129.0,,,1708145134.0,,,0.0,1708145134.0,1708145139.0,,,0.0,1708145139.0,1708145144.0,5.0,,0.0,5.0,5.0,,,,,poseidon,local,poseidon-submit,pegasus::transfer,/mnt/poseidon-data/poseidon/pegasus-5.1.0panorama/bin/pegasus-transfer,/home/poseidon/pegasus-5.1.0panorama/bin/../bin/pegasus-kickstart  -n pegasus::transfer -N null -i - -R local  -L casa-nowcast-small -T 2024-01-31T00:08:22+00:00 /home/poseidon/pegasus-5.1.0panorama/bin/../bin/pegasus-transfer  --threads 2,1.1,0,0,,,,,,,,,
stage_out_local_condorpool_1_37,None,transfer,0,1708145129.0,,,1708145134.0,,,0.0,1708145134.0,1708145139.0,,,0.0,1708145139.0,1708145144.0,5.0,,0.0,5.0,5.0,,,,,poseidon,local,poseidon-submit,pegasus::transfer,/mnt/poseidon-data/poseidon/pegasus-5.1.0panorama/bin/pegasus-transfer,/home/poseidon/pegasus-5.1.0panorama/bin/../bin/pegasus-kickstart  -n pegasus::transfer -N null -i - -R local  -L casa-nowcast-small -T 2024-01-31T00:08:22+00:00 /home/poseidon/pegasus-5.1.0panorama/bin/../bin/pegasus-transfer  --threads 2,1.0,0,0,,,,,,,,,
stage_out_local_condorpool_1_22,None,transfer,0,1708145214.0,,,1708145219.0,,,0.0,1708145219.0,1708145224.0,,,0.0,1708145224.0,1708145229.0,5.0,,0.0,5.0,5.0,,,,,poseidon,local,poseidon-submit,pegasus::transfer,/mnt/poseidon-data/poseidon/pegasus-5.1.0panorama/bin/pegasus-transfer,/home/poseidon/pegasus-5.1.0panorama/bin/../bin/pegasus-kickstart  -n pegasus::transfer -N null -i - -R local  -L casa-nowcast-small -T 2024-01-31T00:08:22+00:00 /home/poseidon/pegasus-5.1.0panorama/bin/../bin/pegasus-transfer  --threads 2,1.0,0,0,,,,,,,,,
stage_out_local_condorpool_1_23,None,transfer,0,1708145274.0,,,1708145279.0,,,0.0,1708145279.0,1708145284.0,,,0.0,1708145284.0,1708145289.0,5.0,,0.0,5.0,5.0,,,,,poseidon,local,poseidon-submit,pegasus::transfer,/mnt/poseidon-data/poseidon/pegasus-5.1.0panorama/bin/pegasus-transfer,/home/poseidon/pegasus-5.1.0panorama/bin/../bin/pegasus-kickstart  -n pegasus::transfer -N null -i - -R local  -L casa-nowcast-small -T 2024-01-31T00:08:22+00:00 /home/poseidon/pegasus-5.1.0panorama/bin/../bin/pegasus-transfer  --threads 2,1.0,0,0,,,,,,,,,
stage_out_local_condorpool_1_21,None,transfer,0,1708145274.0,,,1708145279.0,,,0.0,1708145279.0,1708145284.0,,,0.0,1708145284.0,1708145289.0,5.0,,0.0,5.0,5.0,,,,,poseidon,local,poseidon-submit,pegasus::transfer,/mnt/poseidon-data/poseidon/pegasus-5.1.0panorama/bin/pegasus-transfer,/home/poseidon/pegasus-5.1.0panorama/bin/../bin/pegasus-kickstart  -n pegasus::transfer -N null -i - -R local  -L casa-nowcast-small -T 2024-01-31T00:08:22+00:00 /home/poseidon/pegasus-5.1.0panorama/bin/../bin/pegasus-transfer  --threads 2,1.1,0,0,,,,,,,,,
stage_out_local_condorpool_1_7,None,transfer,0,1708145284.0,,,1708145289.0,,,0.0,1708145289.0,1708145294.0,,,0.0,1708145294.0,1708145299.0,5.0,,0.0,5.0,5.0,,,,,poseidon,local,poseidon-submit,pegasus::transfer,/mnt/poseidon-data/poseidon/pegasus-5.1.0panorama/bin/pegasus-transfer,/home/poseidon/pegasus-5.1.0panorama/bin/../bin/pegasus-kickstart  -n pegasus::transfer -N null -i - -R local  -L casa-nowcast-small -T 2024-01-31T00:08:22+00:00 /home/poseidon/pegasus-5.1.0panorama/bin/../bin/pegasus-transfer  --threads 2,1.1,0,0,,,,,,,,,
stage_out_local_condorpool_1_13,None,transfer,0,1708145284.0,,,1708145289.0,,,0.0,1708145289.0,1708145294.0,,,0.0,1708145294.0,1708145299.0,5.0,,0.0,5.0,5.0,,,,,poseidon,local,poseidon-submit,pegasus::transfer,/mnt/poseidon-data/poseidon/pegasus-5.1.0panorama/bin/pegasus-transfer,/home/poseidon/pegasus-5.1.0panorama/bin/../bin/pegasus-kickstart  -n pegasus::transfer -N null -i - -R local  -L casa-nowcast-small -T 2024-01-31T00:08:22+00:00 /home/poseidon/pegasus-5.1.0panorama/bin/../bin/pegasus-transfer  --threads 2,1.1,0,0,,,,,,,,,
stage_out_local_condorpool_1_1,None,transfer,0,1708145284.0,,,1708145289.0,,,0.0,1708145289.0,1708145294.0,,,0.0,1708145294.0,1708145299.0,5.0,,0.0,5.0,5.0,,,,,poseidon,local,poseidon-submit,pegasus::transfer,/mnt/poseidon-data/poseidon/pegasus-5.1.0panorama/bin/pegasus-transfer,/home/poseidon/pegasus-5.1.0panorama/bin/../bin/pegasus-kickstart  -n pegasus::transfer -N null -i - -R local  -L casa-nowcast-small -T 2024-01-31T00:08:22+00:00 /home/poseidon/pegasus-5.1.0panorama/bin/../bin/pegasus-transfer  --threads 2,1.1,0,0,,,,,,,,,
stage_out_local_condorpool_1_3,None,transfer,0,1708145284.0,,,1708145289.0,,,0.0,1708145289.0,1708145294.0,,,0.0,1708145294.0,1708145299.0,5.0,,0.0,5.0,5.0,,,,,poseidon,local,poseidon-submit,pegasus::transfer,/mnt/poseidon-data/poseidon/pegasus-5.1.0panorama/bin/pegasus-transfer,/home/poseidon/pegasus-5.1.0panorama/bin/../bin/pegasus-kickstart  -n pegasus::transfer -N null -i - -R local  -L casa-nowcast-small -T 2024-01-31T00:08:22+00:00 /home/poseidon/pegasus-5.1.0panorama/bin/../bin/pegasus-transfer  --threads 2,1.1,0,0,,,,,,,,,
stage_out_local_condorpool_1_11,None,transfer,0,1708145284.0,,,1708145289.0,,,0.0,1708145289.0,1708145294.0,,,0.0,1708145294.0,1708145299.0,5.0,,0.0,5.0,5.0,,,,,poseidon,local,poseidon-submit,pegasus::transfer,/mnt/poseidon-data/poseidon/pegasus-5.1.0panorama/bin/pegasus-transfer,/home/poseidon/pegasus-5.1.0panorama/bin/../bin/pegasus-kickstart  -n pegasus::transfer -N null -i - -R local  -L casa-nowcast-small -T 2024-01-31T00:08:22+00:00 /home/poseidon/pegasus-5.1.0panorama/bin/../bin/pegasus-transfer  --threads 2,1.1,0,0,,,,,,,,,
stage_out_local_condorpool_1_16,None,transfer,0,1708145289.0,,,1708145294.0,,,0.0,1708145294.0,1708145299.0,,,0.0,1708145299.0,1708145304.0,5.0,,0.0,5.0,5.0,,,,,poseidon,local,poseidon-submit,pegasus::transfer,/mnt/poseidon-data/poseidon/pegasus-5.1.0panorama/bin/pegasus-transfer,/home/poseidon/pegasus-5.1.0panorama/bin/../bin/pegasus-kickstart  -n pegasus::transfer -N null -i - -R local  -L casa-nowcast-small -T 2024-01-31T00:08:22+00:00 /home/poseidon/pegasus-5.1.0panorama/bin/../bin/pegasus-transfer  --threads 2,1.1,0,0,,,,,,,,,
stage_out_local_condorpool_1_14,None,transfer,0,1708145289.0,,,1708145304.0,,,0.0,1708145304.0,1708145314.0,,,0.0,1708145314.0,1708145319.0,15.0,,0.0,10.0,5.0,,,,,poseidon,local,poseidon-submit,pegasus::transfer,/mnt/poseidon-data/poseidon/pegasus-5.1.0panorama/bin/pegasus-transfer,/home/poseidon/pegasus-5.1.0panorama/bin/../bin/pegasus-kickstart  -n pegasus::transfer -N null -i - -R local  -L casa-nowcast-small -T 2024-01-31T00:08:22+00:00 /home/poseidon/pegasus-5.1.0panorama/bin/../bin/pegasus-transfer  --threads 2,1.0,0,0,,,,,,,,,
stage_out_local_condorpool_1_12,None,transfer,0,1708145289.0,,,1708145304.0,,,0.0,1708145304.0,1708145314.0,,,0.0,1708145314.0,1708145319.0,15.0,,0.0,10.0,5.0,,,,,poseidon,local,poseidon-submit,pegasus::transfer,/mnt/poseidon-data/poseidon/pegasus-5.1.0panorama/bin/pegasus-transfer,/home/poseidon/pegasus-5.1.0panorama/bin/../bin/pegasus-kickstart  -n pegasus::transfer -N null -i - -R local  -L casa-nowcast-small -T 2024-01-31T00:08:22+00:00 /home/poseidon/pegasus-5.1.0panorama/bin/../bin/pegasus-transfer  --threads 2,1.0,0,0,,,,,,,,,
stage_out_local_condorpool_1_9,None,transfer,0,1708145289.0,,,1708145294.0,,,0.0,1708145294.0,1708145299.0,,,0.0,1708145299.0,1708145304.0,5.0,,0.0,5.0,5.0,,,,,poseidon,local,poseidon-submit,pegasus::transfer,/mnt/poseidon-data/poseidon/pegasus-5.1.0panorama/bin/pegasus-transfer,/home/poseidon/pegasus-5.1.0panorama/bin/../bin/pegasus-kickstart  -n pegasus::transfer -N null -i - -R local  -L casa-nowcast-small -T 2024-01-31T00:08:22+00:00 /home/poseidon/pegasus-5.1.0panorama/bin/../bin/pegasus-transfer  --threads 2,1.1,0,0,,,,,,,,,
stage_out_local_condorpool_1_8,None,transfer,0,1708145289.0,,,1708145304.0,,,0.0,1708145304.0,1708145314.0,,,0.0,1708145314.0,1708145319.0,15.0,,0.0,10.0,5.0,,,,,poseidon,local,poseidon-submit,pegasus::transfer,/mnt/poseidon-data/poseidon/pegasus-5.1.0panorama/bin/pegasus-transfer,/home/poseidon/pegasus-5.1.0panorama/bin/../bin/pegasus-kickstart  -n pegasus::transfer -N null -i - -R local  -L casa-nowcast-small -T 2024-01-31T00:08:22+00:00 /home/poseidon/pegasus-5.1.0panorama/bin/../bin/pegasus-transfer  --threads 2,1.0,0,0,,,,,,,,,
stage_out_local_condorpool_1_17,None,transfer,0,1708145289.0,,,1708145299.0,,,0.0,1708145299.0,1708145304.0,,,0.0,1708145304.0,1708145309.0,10.0,,0.0,5.0,5.0,,,,,poseidon,local,poseidon-submit,pegasus::transfer,/mnt/poseidon-data/poseidon/pegasus-5.1.0panorama/bin/pegasus-transfer,/home/poseidon/pegasus-5.1.0panorama/bin/../bin/pegasus-kickstart  -n pegasus::transfer -N null -i - -R local  -L casa-nowcast-small -T 2024-01-31T00:08:22+00:00 /home/poseidon/pegasus-5.1.0panorama/bin/../bin/pegasus-transfer  --threads 2,1.1,0,0,,,,,,,,,
stage_out_local_condorpool_1_5,None,transfer,0,1708145289.0,,,1708145299.0,,,0.0,1708145299.0,1708145304.0,,,0.0,1708145304.0,1708145309.0,10.0,,0.0,5.0,5.0,,,,,poseidon,local,poseidon-submit,pegasus::transfer,/mnt/poseidon-data/poseidon/pegasus-5.1.0panorama/bin/pegasus-transfer,/home/poseidon/pegasus-5.1.0panorama/bin/../bin/pegasus-kickstart  -n pegasus::transfer -N null -i - -R local  -L casa-nowcast-small -T 2024-01-31T00:08:22+00:00 /home/poseidon/pegasus-5.1.0panorama/bin/../bin/pegasus-transfer  --threads 2,1.1,0,0,,,,,,,,,
stage_out_local_condorpool_1_4,None,transfer,0,1708145289.0,,,1708145299.0,,,0.0,1708145299.0,1708145304.0,,,0.0,1708145304.0,1708145309.0,10.0,,0.0,5.0,5.0,,,,,poseidon,local,poseidon-submit,pegasus::transfer,/mnt/poseidon-data/poseidon/pegasus-5.1.0panorama/bin/pegasus-transfer,/home/poseidon/pegasus-5.1.0panorama/bin/../bin/pegasus-kickstart  -n pegasus::transfer -N null -i - -R local  -L casa-nowcast-small -T 2024-01-31T00:08:22+00:00 /home/poseidon/pegasus-5.1.0panorama/bin/../bin/pegasus-transfer  --threads 2,1.1,0,0,,,,,,,,,
stage_out_local_condorpool_1_2,None,transfer,0,1708145289.0,,,1708145294.0,,,0.0,1708145294.0,1708145299.0,,,0.0,1708145299.0,1708145304.0,5.0,,0.0,5.0,5.0,,,,,poseidon,local,poseidon-submit,pegasus::transfer,/mnt/poseidon-data/poseidon/pegasus-5.1.0panorama/bin/pegasus-transfer,/home/poseidon/pegasus-5.1.0panorama/bin/../bin/pegasus-kickstart  -n pegasus::transfer -N null -i - -R local  -L casa-nowcast-small -T 2024-01-31T00:08:22+00:00 /home/poseidon/pegasus-5.1.0panorama/bin/../bin/pegasus-transfer  --threads 2,1.1,0,0,,,,,,,,,
stage_out_local_condorpool_1_19,None,transfer,0,1708145289.0,,,1708145294.0,,,0.0,1708145294.0,1708145299.0,,,0.0,1708145299.0,1708145304.0,5.0,,0.0,5.0,5.0,,,,,poseidon,local,poseidon-submit,pegasus::transfer,/mnt/poseidon-data/poseidon/pegasus-5.1.0panorama/bin/pegasus-transfer,/home/poseidon/pegasus-5.1.0panorama/bin/../bin/pegasus-kickstart  -n pegasus::transfer -N null -i - -R local  -L casa-nowcast-small -T 2024-01-31T00:08:22+00:00 /home/poseidon/pegasus-5.1.0panorama/bin/../bin/pegasus-transfer  --threads 2,1.1,0,0,,,,,,,,,
stage_out_local_condorpool_1_20,None,transfer,0,1708145289.0,,,1708145294.0,,,0.0,1708145294.0,1708145299.0,,,0.0,1708145299.0,1708145304.0,5.0,,0.0,5.0,5.0,,,,,poseidon,local,poseidon-submit,pegasus::transfer,/mnt/poseidon-data/poseidon/pegasus-5.1.0panorama/bin/pegasus-transfer,/home/poseidon/pegasus-5.1.0panorama/bin/../bin/pegasus-kickstart  -n pegasus::transfer -N null -i - -R local  -L casa-nowcast-small -T 2024-01-31T00:08:22+00:00 /home/poseidon/pegasus-5.1.0panorama/bin/../bin/pegasus-transfer  --threads 2,1.1,0,0,,,,,,,,,
stage_out_local_condorpool_1_25,None,transfer,0,1708145289.0,,,1708145299.0,,,0.0,1708145299.0,1708145304.0,,,0.0,1708145304.0,1708145309.0,10.0,,0.0,5.0,5.0,,,,,poseidon,local,poseidon-submit,pegasus::transfer,/mnt/poseidon-data/poseidon/pegasus-5.1.0panorama/bin/pegasus-transfer,/home/poseidon/pegasus-5.1.0panorama/bin/../bin/pegasus-kickstart  -n pegasus::transfer -N null -i - -R local  -L casa-nowcast-small -T 2024-01-31T00:08:22+00:00 /home/poseidon/pegasus-5.1.0panorama/bin/../bin/pegasus-transfer  --threads 2,1.1,0,0,,,,,,,,,
stage_out_local_condorpool_1_18,None,transfer,0,1708145289.0,,,1708145299.0,,,0.0,1708145299.0,1708145304.0,,,0.0,1708145304.0,1708145309.0,10.0,,0.0,5.0,5.0,,,,,poseidon,local,poseidon-submit,pegasus::transfer,/mnt/poseidon-data/poseidon/pegasus-5.1.0panorama/bin/pegasus-transfer,/home/poseidon/pegasus-5.1.0panorama/bin/../bin/pegasus-kickstart  -n pegasus::transfer -N null -i - -R local  -L casa-nowcast-small -T 2024-01-31T00:08:22+00:00 /home/poseidon/pegasus-5.1.0panorama/bin/../bin/pegasus-transfer  --threads 2,1.1,0,0,,,,,,,,,
stage_out_local_condorpool_1_10,None,transfer,0,1708145419.0,,,1708145424.0,,,0.0,1708145424.0,1708145430.0,,,0.0,1708145430.0,1708145435.0,5.0,,0.0,6.0,5.0,,,,,poseidon,local,poseidon-submit,pegasus::transfer,/mnt/poseidon-data/poseidon/pegasus-5.1.0panorama/bin/pegasus-transfer,/home/poseidon/pegasus-5.1.0panorama/bin/../bin/pegasus-kickstart  -n pegasus::transfer -N null -i - -R local  -L casa-nowcast-small -T 2024-01-31T00:08:22+00:00 /home/poseidon/pegasus-5.1.0panorama/bin/../bin/pegasus-transfer  --threads 2,1.0,0,0,,,,,,,,,
stage_out_local_condorpool_1_6,None,transfer,0,1708145424.0,,,1708145429.0,,,0.0,1708145430.0,1708145435.0,,,0.0,1708145435.0,1708145440.0,5.0,,1.0,5.0,5.0,,,,,poseidon,local,poseidon-submit,pegasus::transfer,/mnt/poseidon-data/poseidon/pegasus-5.1.0panorama/bin/pegasus-transfer,/home/poseidon/pegasus-5.1.0panorama/bin/../bin/pegasus-kickstart  -n pegasus::transfer -N null -i - -R local  -L casa-nowcast-small -T 2024-01-31T00:08:22+00:00 /home/poseidon/pegasus-5.1.0panorama/bin/../bin/pegasus-transfer  --threads 2,1.0,0,0,,,,,,,,,
stage_out_local_condorpool_1_0,None,transfer,0,1708145424.0,,,1708145430.0,,,0.0,1708145430.0,1708145435.0,,,0.0,1708145435.0,1708145440.0,6.0,,0.0,5.0,5.0,,,,,poseidon,local,poseidon-submit,pegasus::transfer,/mnt/poseidon-data/poseidon/pegasus-5.1.0panorama/bin/pegasus-transfer,/home/poseidon/pegasus-5.1.0panorama/bin/../bin/pegasus-kickstart  -n pegasus::transfer -N null -i - -R local  -L casa-nowcast-small -T 2024-01-31T00:08:22+00:00 /home/poseidon/pegasus-5.1.0panorama/bin/../bin/pegasus-transfer  --threads 2,1.0,0,0,,,,,,,,,
stage_out_local_condorpool_1_15,None,transfer,0,1708145424.0,,,1708145429.0,,,0.0,1708145430.0,1708145435.0,,,0.0,1708145435.0,1708145440.0,5.0,,1.0,5.0,5.0,,,,,poseidon,local,poseidon-submit,pegasus::transfer,/mnt/poseidon-data/poseidon/pegasus-5.1.0panorama/bin/pegasus-transfer,/home/poseidon/pegasus-5.1.0panorama/bin/../bin/pegasus-kickstart  -n pegasus::transfer -N null -i - -R local  -L casa-nowcast-small -T 2024-01-31T00:08:22+00:00 /home/poseidon/pegasus-5.1.0panorama/bin/../bin/pegasus-transfer  --threads 2,1.0,0,0,,,,,,,,,
stage_out_local_condorpool_1_24,None,transfer,0,1708145430.0,,,1708145435.0,,,0.0,1708145435.0,1708145440.0,,,0.0,1708145440.0,1708145445.0,5.0,,0.0,5.0,5.0,,,,,poseidon,local,poseidon-submit,pegasus::transfer,/mnt/poseidon-data/poseidon/pegasus-5.1.0panorama/bin/pegasus-transfer,/home/poseidon/pegasus-5.1.0panorama/bin/../bin/pegasus-kickstart  -n pegasus::transfer -N null -i - -R local  -L casa-nowcast-small -T 2024-01-31T00:08:22+00:00 /home/poseidon/pegasus-5.1.0panorama/bin/../bin/pegasus-transfer  --threads 2,1.0,0,0,,,,,,,,,
cleanup_casa-nowcast-small_0_condorpool,None,auxiliary,0,1708145445.0,,,1708145450.0,,,0.0,1708145450.0,1708145455.0,,,0.0,1708145455.0,1708145460.0,5.0,,0.0,5.0,5.0,,,,,poseidon,local,poseidon-submit,pegasus::cleanup,/mnt/poseidon-data/poseidon/pegasus-5.1.0panorama/bin/pegasus-transfer,pegasus-kickstart  -n pegasus::cleanup -N null -i - -R local  -L casa-nowcast-small -T 2024-01-31T00:08:22+00:00 pegasus-transfer,0.2,0,0,,,,,,,,,
