,anomaly_type,type,is_clustered,ready,pre_script_start,pre_script_end,submit,execute_start,execute_end,post_script_start,post_script_end,wms_delay,pre_script_delay,queue_delay,runtime,post_script_delay,stage_in_delay,stage_in_bytes,stage_out_delay,stage_out_bytes,kickstart_user,kickstart_site,kickstart_hostname,kickstart_transformations,kickstart_executables,kickstart_executables_argv,kickstart_executables_cpu_time,kickstart_status,kickstart_executables_exitcode
create_dir_montage_0_insidecontainer,None,auxiliary,0,1669076968.0,,,1669076969.0,1669076973.0,1669076979.0,1669076979.0,1669076984.0,1.0,,4.0,6.0,5.0,,,,,poseidon,local,host-10-100-100-124.openstacklocal,pegasus::dirmanager,/home/poseidon/pegasus-5.1.0panorama/bin/pegasus-transfer,-n pegasus::dirmanager -N null -i - -R local  -L montage -T 2022-10-16T23:19:56+00:00 /home/poseidon/pegasus-5.1.0panorama/bin/../bin/pegasus-transfer,0.2,0,0
stage_in_local_insidecontainer_6_0,None,transfer,0,1669076984.0,,,1669076999.0,1669076999.0,1669077004.0,1669077004.0,1669077009.0,15.0,,0.0,5.0,5.0,,,,,poseidon,local,host-10-100-100-124.openstacklocal,pegasus::transfer,/home/poseidon/pegasus-5.1.0panorama/bin/pegasus-transfer,-n pegasus::transfer -N null -i - -R local  -L montage -T 2022-10-16T23:19:56+00:00 /home/poseidon/pegasus-5.1.0panorama/bin/../bin/pegasus-transfer  --threads 2,0.3,0,0
stage_in_local_insidecontainer_0_1,None,transfer,0,1669076984.0,,,1669076989.0,1669076989.0,1669077004.0,1669077004.0,1669077009.0,5.0,,0.0,15.0,5.0,,,,,poseidon,local,host-10-100-100-124.openstacklocal,pegasus::transfer,/home/poseidon/pegasus-5.1.0panorama/bin/pegasus-transfer,-n pegasus::transfer -N null -i - -R local  -L montage -T 2022-10-16T23:19:56+00:00 /home/poseidon/pegasus-5.1.0panorama/bin/../bin/pegasus-transfer  --threads 2,8.5,0,0
stage_in_local_insidecontainer_0_0,None,transfer,0,1669076984.0,,,1669076989.0,1669076989.0,1669076999.0,1669076999.0,1669077004.0,5.0,,0.0,10.0,5.0,,,,,poseidon,local,host-10-100-100-124.openstacklocal,pegasus::transfer,/home/poseidon/pegasus-5.1.0panorama/bin/pegasus-transfer,-n pegasus::transfer -N null -i - -R local  -L montage -T 2022-10-16T23:19:56+00:00 /home/poseidon/pegasus-5.1.0panorama/bin/../bin/pegasus-transfer  --threads 2,2.2,0,0
stage_in_local_insidecontainer_4_1,None,transfer,0,1669076984.0,,,1669076989.0,1669076989.0,1669076994.0,1669076994.0,1669076999.0,5.0,,0.0,5.0,5.0,,,,,poseidon,local,host-10-100-100-124.openstacklocal,pegasus::transfer,/home/poseidon/pegasus-5.1.0panorama/bin/pegasus-transfer,-n pegasus::transfer -N null -i - -R local  -L montage -T 2022-10-16T23:19:56+00:00 /home/poseidon/pegasus-5.1.0panorama/bin/../bin/pegasus-transfer  --threads 2,0.3,0,0
stage_in_local_insidecontainer_5_0,None,transfer,0,1669076984.0,,,1669076989.0,1669076989.0,1669076999.0,1669076999.0,1669077004.0,5.0,,0.0,10.0,5.0,,,,,poseidon,local,host-10-100-100-124.openstacklocal,pegasus::transfer,/home/poseidon/pegasus-5.1.0panorama/bin/pegasus-transfer,-n pegasus::transfer -N null -i - -R local  -L montage -T 2022-10-16T23:19:56+00:00 /home/poseidon/pegasus-5.1.0panorama/bin/../bin/pegasus-transfer  --threads 2,0.6,0,0
stage_in_local_insidecontainer_4_2,None,transfer,0,1669076984.0,,,1669076999.0,1669076999.0,1669077004.0,1669077004.0,1669077009.0,15.0,,0.0,5.0,5.0,,,,,poseidon,local,host-10-100-100-124.openstacklocal,pegasus::transfer,/home/poseidon/pegasus-5.1.0panorama/bin/pegasus-transfer,-n pegasus::transfer -N null -i - -R local  -L montage -T 2022-10-16T23:19:56+00:00 /home/poseidon/pegasus-5.1.0panorama/bin/../bin/pegasus-transfer  --threads 2,0.3,0,0
stage_in_local_insidecontainer_0_4,None,transfer,0,1669076984.0,,,1669076989.0,1669076989.0,1669076999.0,1669076999.0,1669077004.0,5.0,,0.0,10.0,5.0,,,,,poseidon,local,host-10-100-100-124.openstacklocal,pegasus::transfer,/home/poseidon/pegasus-5.1.0panorama/bin/pegasus-transfer,-n pegasus::transfer -N null -i - -R local  -L montage -T 2022-10-16T23:19:56+00:00 /home/poseidon/pegasus-5.1.0panorama/bin/../bin/pegasus-transfer  --threads 2,2.4,0,0
stage_in_local_insidecontainer_3_0,None,transfer,0,1669076984.0,,,1669076989.0,1669076989.0,1669076999.0,1669076999.0,1669077004.0,5.0,,0.0,10.0,5.0,,,,,poseidon,local,host-10-100-100-124.openstacklocal,pegasus::transfer,/home/poseidon/pegasus-5.1.0panorama/bin/pegasus-transfer,-n pegasus::transfer -N null -i - -R local  -L montage -T 2022-10-16T23:19:56+00:00 /home/poseidon/pegasus-5.1.0panorama/bin/../bin/pegasus-transfer  --threads 2,0.6,0,0
stage_in_local_insidecontainer_0_3,None,transfer,0,1669076984.0,,,1669076989.0,1669076989.0,1669076999.0,1669076999.0,1669077004.0,5.0,,0.0,10.0,5.0,,,,,poseidon,local,host-10-100-100-124.openstacklocal,pegasus::transfer,/home/poseidon/pegasus-5.1.0panorama/bin/pegasus-transfer,-n pegasus::transfer -N null -i - -R local  -L montage -T 2022-10-16T23:19:56+00:00 /home/poseidon/pegasus-5.1.0panorama/bin/../bin/pegasus-transfer  --threads 2,2.4,0,0
stage_in_local_insidecontainer_2_0,None,transfer,0,1669076984.0,,,1669076989.0,1669076989.0,1669076999.0,1669076999.0,1669077004.0,5.0,,0.0,10.0,5.0,,,,,poseidon,local,host-10-100-100-124.openstacklocal,pegasus::transfer,/home/poseidon/pegasus-5.1.0panorama/bin/pegasus-transfer,-n pegasus::transfer -N null -i - -R local  -L montage -T 2022-10-16T23:19:56+00:00 /home/poseidon/pegasus-5.1.0panorama/bin/../bin/pegasus-transfer  --threads 2,0.6,0,0
stage_in_local_insidecontainer_0_2,None,transfer,0,1669076984.0,,,1669076989.0,1669076989.0,1669076999.0,1669076999.0,1669077004.0,5.0,,0.0,10.0,5.0,,,,,poseidon,local,host-10-100-100-124.openstacklocal,pegasus::transfer,/home/poseidon/pegasus-5.1.0panorama/bin/pegasus-transfer,-n pegasus::transfer -N null -i - -R local  -L montage -T 2022-10-16T23:19:56+00:00 /home/poseidon/pegasus-5.1.0panorama/bin/../bin/pegasus-transfer  --threads 2,2.3,0,0
stage_in_local_insidecontainer_4_0,None,transfer,0,1669076984.0,,,1669076989.0,1669076989.0,1669076994.0,1669076994.0,1669076999.0,5.0,,0.0,5.0,5.0,,,,,poseidon,local,host-10-100-100-124.openstacklocal,pegasus::transfer,/home/poseidon/pegasus-5.1.0panorama/bin/pegasus-transfer,-n pegasus::transfer -N null -i - -R local  -L montage -T 2022-10-16T23:19:56+00:00 /home/poseidon/pegasus-5.1.0panorama/bin/../bin/pegasus-transfer  --threads 2,0.3,0,0
mProject_ID0000318,hdd_5,compute,0,1669077009.0,,,1669077014.0,1669081066.0,1669081928.0,1669081928.0,1669081933.0,5.0,,4052.0,862.0,5.0,119.0,736846810.0,7.0,106139520.0,poseidon,insidecontainer,poseidon-worker-2-container-4-7,mProject,/opt/Montage/bin/mProject,,89.6,0,0
mProject_ID0000012,None,compute,0,1669077009.0,,,1669077014.0,1669077338.0,1669077745.0,1669077745.0,1669077750.0,5.0,,324.0,407.0,5.0,102.0,736863513.0,7.0,106427520.0,poseidon,insidecontainer,poseidon-worker-1-container-32-35,mProject,/opt/Montage/bin/mProject,,94.0,0,0
mProject_ID0000013,None,compute,0,1669077009.0,,,1669077014.0,1669077339.0,1669077750.0,1669077750.0,1669077755.0,5.0,,325.0,411.0,5.0,231.0,736659889.0,7.0,106427520.0,poseidon,insidecontainer,poseidon-worker-1-container-44-47,mProject,/opt/Montage/bin/mProject,,93.0,0,0
mProject_ID0000014,hdd_5,compute,0,1669077009.0,,,1669077014.0,1669077345.0,1669077881.0,1669077881.0,1669077886.0,5.0,,331.0,536.0,5.0,187.0,736833575.0,25.0,106387200.0,poseidon,insidecontainer,poseidon-worker-2-container-0-3,mProject,/opt/Montage/bin/mProject,,92.3,0,0
mProject_ID0000015,None,compute,0,1669077009.0,,,1669077014.0,1669080885.0,1669081472.0,1669081472.0,1669081477.0,5.0,,3871.0,587.0,5.0,251.0,736669034.0,8.0,106427520.0,poseidon,insidecontainer,poseidon-worker-2-container-16-19,mProject,/opt/Montage/bin/mProject,,91.6,0,0
mProject_ID0000016,hdd_5,compute,0,1669077009.0,,,1669077014.0,1669080941.0,1669081628.0,1669081628.0,1669081633.0,5.0,,3927.0,687.0,5.0,306.0,736543535.0,7.0,106467840.0,poseidon,insidecontainer,poseidon-worker-1-container-36-39,mProject,/opt/Montage/bin/mProject,,97.0,0,0
mProject_ID0000315,None,compute,0,1669077009.0,,,1669077014.0,1669080941.0,1669081633.0,1669081633.0,1669081638.0,5.0,,3927.0,692.0,5.0,159.0,736766558.0,7.0,106058880.0,poseidon,insidecontainer,poseidon-worker-1-container-32-35,mProject,/opt/Montage/bin/mProject,,96.2,0,0
mProject_ID0000316,hdd_5,compute,0,1669077009.0,,,1669077014.0,1669080941.0,1669081628.0,1669081628.0,1669081633.0,5.0,,3927.0,687.0,5.0,159.0,737062864.0,7.0,106099200.0,poseidon,insidecontainer,poseidon-worker-1-container-12-15,mProject,/opt/Montage/bin/mProject,,93.3,0,0
mProject_ID0000317,None,compute,0,1669077009.0,,,1669077014.0,1669080941.0,1669081633.0,1669081633.0,1669081638.0,5.0,,3927.0,692.0,5.0,159.0,736890199.0,7.0,106099200.0,poseidon,insidecontainer,poseidon-worker-1-container-4-7,mProject,/opt/Montage/bin/mProject,,92.4,0,0
mProject_ID0000319,hdd_5,compute,0,1669077009.0,,,1669077014.0,1669081066.0,1669081928.0,1669081928.0,1669081933.0,5.0,,4052.0,862.0,5.0,257.0,736761479.0,7.0,106058880.0,poseidon,insidecontainer,poseidon-worker-2-container-12-15,mProject,/opt/Montage/bin/mProject,,97.6,0,0
mProject_ID0000321,None,compute,0,1669077009.0,,,1669077014.0,1669082446.0,1669082923.0,1669082923.0,1669082928.0,5.0,,5432.0,477.0,5.0,164.0,736979055.0,8.0,106099200.0,poseidon,insidecontainer,poseidon-worker-1-container-0-3,mProject,/opt/Montage/bin/mProject,,90.6,0,0
mProject_ID0000326,hdd_5,compute,0,1669077009.0,,,1669077014.0,1669081068.0,1669081728.0,1669081728.0,1669081733.0,5.0,,4054.0,660.0,5.0,111.0,736748382.0,7.0,106139520.0,poseidon,insidecontainer,poseidon-worker-2-container-28-31,mProject,/opt/Montage/bin/mProject,,97.0,0,0
mProject_ID0000327,hdd_5,compute,0,1669077009.0,,,1669077014.0,1669082423.0,1669083008.0,1669083008.0,1669083013.0,5.0,,5409.0,585.0,5.0,181.0,736601245.0,7.0,106058880.0,poseidon,insidecontainer,poseidon-worker-2-container-32-35,mProject,/opt/Montage/bin/mProject,,94.9,0,0
mProject_ID0000328,None,compute,0,1669077009.0,,,1669077014.0,1669082439.0,1669083008.0,1669083008.0,1669083013.0,5.0,,5425.0,569.0,5.0,179.0,736633164.0,7.0,106099200.0,poseidon,insidecontainer,poseidon-worker-2-container-44-47,mProject,/opt/Montage/bin/mProject,,96.2,0,0
mProject_ID0000329,hdd_5,compute,0,1669077009.0,,,1669077014.0,1669082439.0,1669083008.0,1669083008.0,1669083013.0,5.0,,5425.0,569.0,5.0,180.0,736706640.0,7.0,106179840.0,poseidon,insidecontainer,poseidon-worker-2-container-40-43,mProject,/opt/Montage/bin/mProject,,95.8,0,0
mProject_ID0000320,None,compute,0,1669077009.0,,,1669077014.0,1669082439.0,1669083008.0,1669083008.0,1669083013.0,5.0,,5425.0,569.0,5.0,179.0,737138529.0,7.0,106058880.0,poseidon,insidecontainer,poseidon-worker-2-container-16-19,mProject,/opt/Montage/bin/mProject,,95.0,0,0
mProject_ID0000011,None,compute,0,1669077009.0,,,1669077014.0,1669077327.0,1669077740.0,1669077740.0,1669077745.0,5.0,,313.0,413.0,5.0,44.0,738066495.0,7.0,106387200.0,poseidon,insidecontainer,poseidon-worker-1-container-4-7,mProject,/opt/Montage/bin/mProject,,92.1,0,0
mProject_ID0000322,None,compute,0,1669077009.0,,,1669077014.0,1669082446.0,1669082923.0,1669082923.0,1669082928.0,5.0,,5432.0,477.0,5.0,167.0,736742678.0,7.0,106139520.0,poseidon,insidecontainer,poseidon-worker-1-container-16-19,mProject,/opt/Montage/bin/mProject,,94.7,0,0
mProject_ID0000323,hdd_5,compute,0,1669077009.0,,,1669077014.0,1669082446.0,1669082923.0,1669082923.0,1669082928.0,5.0,,5432.0,477.0,5.0,164.0,736692444.0,7.0,106058880.0,poseidon,insidecontainer,poseidon-worker-1-container-24-27,mProject,/opt/Montage/bin/mProject,,96.6,0,0
mProject_ID0000324,None,compute,0,1669077009.0,,,1669077014.0,1669082446.0,1669082923.0,1669082923.0,1669082928.0,5.0,,5432.0,477.0,5.0,167.0,737030625.0,7.0,106058880.0,poseidon,insidecontainer,poseidon-worker-1-container-8-11,mProject,/opt/Montage/bin/mProject,,95.7,0,0
mProject_ID0000330,hdd_5,compute,0,1669077009.0,,,1669077014.0,1669082446.0,1669082923.0,1669082923.0,1669082928.0,5.0,,5432.0,477.0,5.0,167.0,736776580.0,7.0,106179840.0,poseidon,insidecontainer,poseidon-worker-1-container-20-23,mProject,/opt/Montage/bin/mProject,,92.0,0,0
mProject_ID0000325,hdd_5,compute,0,1669077009.0,,,1669077014.0,1669081066.0,1669081928.0,1669081928.0,1669081933.0,5.0,,4052.0,862.0,5.0,254.0,736936789.0,7.0,106099200.0,poseidon,insidecontainer,poseidon-worker-2-container-32-35,mProject,/opt/Montage/bin/mProject,,96.7,0,0
mProject_ID0000005,None,compute,0,1669077009.0,,,1669077014.0,1669077324.0,1669077740.0,1669077740.0,1669077745.0,5.0,,310.0,416.0,5.0,35.0,737976113.0,7.0,106387200.0,poseidon,insidecontainer,poseidon-worker-1-container-0-3,mProject,/opt/Montage/bin/mProject,,92.0,0,0
mProject_ID0000010,None,compute,0,1669077009.0,,,1669077014.0,1669077325.0,1669077740.0,1669077740.0,1669077745.0,5.0,,311.0,415.0,5.0,54.0,738632554.0,7.0,106346880.0,poseidon,insidecontainer,poseidon-worker-1-container-8-11,mProject,/opt/Montage/bin/mProject,,91.4,0,0
mProject_ID0000003,hdd_5,compute,0,1669077009.0,,,1669077014.0,1669077028.0,1669077349.0,1669077349.0,1669077354.0,5.0,,14.0,321.0,5.0,166.0,737379804.0,7.0,106427520.0,poseidon,insidecontainer,poseidon-worker-2-container-0-3,mProject,/opt/Montage/bin/mProject,,94.3,0,0
mProject_ID0000158,hdd_5,compute,0,1669077009.0,,,1669077014.0,1669077028.0,1669077374.0,1669077374.0,1669077379.0,5.0,,14.0,346.0,5.0,198.0,736011669.0,6.0,105114240.0,poseidon,insidecontainer,poseidon-worker-2-container-32-35,mProject,/opt/Montage/bin/mProject,,96.5,0,0
mProject_ID0000159,hdd_5,compute,0,1669077009.0,,,1669077014.0,1669077028.0,1669077349.0,1669077349.0,1669077354.0,5.0,,14.0,321.0,5.0,179.0,736412473.0,7.0,105073920.0,poseidon,insidecontainer,poseidon-worker-2-container-20-23,mProject,/opt/Montage/bin/mProject,,94.1,0,0
mProject_ID0000160,hdd_5,compute,0,1669077009.0,,,1669077014.0,1669077028.0,1669077374.0,1669077374.0,1669077379.0,5.0,,14.0,346.0,5.0,170.0,735954367.0,7.0,105073920.0,poseidon,insidecontainer,poseidon-worker-2-container-24-27,mProject,/opt/Montage/bin/mProject,,93.2,0,0
mProject_ID0000004,hdd_5,compute,0,1669077009.0,,,1669077014.0,1669077028.0,1669077384.0,1669077384.0,1669077389.0,5.0,,14.0,356.0,5.0,178.0,736764587.0,6.0,106467840.0,poseidon,insidecontainer,poseidon-worker-1-container-24-27,mProject,/opt/Montage/bin/mProject,,96.4,0,0
mProject_ID0000162,hdd_5,compute,0,1669077009.0,,,1669077014.0,1669077028.0,1669077384.0,1669077384.0,1669077389.0,5.0,,14.0,356.0,5.0,167.0,736180618.0,6.0,105027840.0,poseidon,insidecontainer,poseidon-worker-1-container-28-31,mProject,/opt/Montage/bin/mProject,,97.7,0,0
mProject_ID0000163,None,compute,0,1669077009.0,,,1669077014.0,1669077028.0,1669077374.0,1669077374.0,1669077379.0,5.0,,14.0,346.0,5.0,170.0,736711220.0,6.0,105027840.0,poseidon,insidecontainer,poseidon-worker-2-container-44-47,mProject,/opt/Montage/bin/mProject,,96.2,0,0
mProject_ID0000164,None,compute,0,1669077009.0,,,1669077014.0,1669077028.0,1669077359.0,1669077359.0,1669077364.0,5.0,,14.0,331.0,5.0,175.0,736309610.0,8.0,105114240.0,poseidon,insidecontainer,poseidon-worker-2-container-16-19,mProject,/opt/Montage/bin/mProject,,96.2,0,0
mProject_ID0000165,None,compute,0,1669077009.0,,,1669077014.0,1669077028.0,1669077324.0,1669077324.0,1669077329.0,5.0,,14.0,296.0,5.0,162.0,735862956.0,7.0,105154560.0,poseidon,insidecontainer,poseidon-worker-1-container-0-3,mProject,/opt/Montage/bin/mProject,,95.1,0,0
mProject_ID0000166,hdd_5,compute,0,1669077009.0,,,1669077014.0,1669077028.0,1669077384.0,1669077384.0,1669077389.0,5.0,,14.0,356.0,5.0,176.0,735940643.0,6.0,105073920.0,poseidon,insidecontainer,poseidon-worker-1-container-40-43,mProject,/opt/Montage/bin/mProject,,97.1,0,0
mProject_ID0000167,None,compute,0,1669077009.0,,,1669077014.0,1669077028.0,1669077329.0,1669077329.0,1669077334.0,5.0,,14.0,301.0,5.0,179.0,736384208.0,7.0,105073920.0,poseidon,insidecontainer,poseidon-worker-1-container-44-47,mProject,/opt/Montage/bin/mProject,,97.1,0,0
mProject_ID0000168,hdd_5,compute,0,1669077009.0,,,1669077014.0,1669077028.0,1669077384.0,1669077384.0,1669077389.0,5.0,,14.0,356.0,5.0,181.0,736194752.0,6.0,105154560.0,poseidon,insidecontainer,poseidon-worker-1-container-36-39,mProject,/opt/Montage/bin/mProject,,97.3,0,0
mProject_ID0000161,hdd_5,compute,0,1669077009.0,,,1669077014.0,1669077028.0,1669077344.0,1669077344.0,1669077349.0,5.0,,14.0,316.0,5.0,176.0,735833106.0,8.0,105235200.0,poseidon,insidecontainer,poseidon-worker-2-container-28-31,mProject,/opt/Montage/bin/mProject,,93.2,0,0
mProject_ID0000170,hdd_5,compute,0,1669077009.0,,,1669077014.0,1669077028.0,1669077374.0,1669077374.0,1669077379.0,5.0,,14.0,346.0,5.0,180.0,735754901.0,6.0,105114240.0,poseidon,insidecontainer,poseidon-worker-2-container-8-11,mProject,/opt/Montage/bin/mProject,,96.6,0,0
mProject_ID0000171,None,compute,0,1669077009.0,,,1669077014.0,1669077028.0,1669077329.0,1669077329.0,1669077334.0,5.0,,14.0,301.0,5.0,165.0,735734877.0,7.0,105073920.0,poseidon,insidecontainer,poseidon-worker-1-container-32-35,mProject,/opt/Montage/bin/mProject,,96.5,0,0
mProject_ID0000172,hdd_5,compute,0,1669077009.0,,,1669077014.0,1669077028.0,1669077344.0,1669077344.0,1669077349.0,5.0,,14.0,316.0,5.0,179.0,735738758.0,7.0,105194880.0,poseidon,insidecontainer,poseidon-worker-1-container-20-23,mProject,/opt/Montage/bin/mProject,,99.4,0,0
mProject_ID0000173,hdd_5,compute,0,1669077009.0,,,1669077014.0,1669077028.0,1669077374.0,1669077374.0,1669077379.0,5.0,,14.0,346.0,5.0,170.0,735761028.0,6.0,105154560.0,poseidon,insidecontainer,poseidon-worker-2-container-12-15,mProject,/opt/Montage/bin/mProject,,97.6,0,0
mProject_ID0000006,None,compute,0,1669077009.0,,,1669077014.0,1669077028.0,1669077374.0,1669077374.0,1669077379.0,5.0,,14.0,346.0,5.0,171.0,739466408.0,6.0,106387200.0,poseidon,insidecontainer,poseidon-worker-2-container-36-39,mProject,/opt/Montage/bin/mProject,,96.8,0,0
mProject_ID0000007,hdd_5,compute,0,1669077009.0,,,1669077014.0,1669077028.0,1669077384.0,1669077384.0,1669077389.0,5.0,,14.0,356.0,5.0,162.0,738408662.0,6.0,106427520.0,poseidon,insidecontainer,poseidon-worker-1-container-12-15,mProject,/opt/Montage/bin/mProject,,96.4,0,0
mProject_ID0000008,None,compute,0,1669077009.0,,,1669077014.0,1669077028.0,1669077324.0,1669077324.0,1669077329.0,5.0,,14.0,296.0,5.0,162.0,736886934.0,7.0,106427520.0,poseidon,insidecontainer,poseidon-worker-1-container-8-11,mProject,/opt/Montage/bin/mProject,,96.7,0,0
mProject_ID0000009,None,compute,0,1669077009.0,,,1669077014.0,1669077028.0,1669077344.0,1669077344.0,1669077349.0,5.0,,14.0,316.0,5.0,179.0,737353740.0,7.0,106346880.0,poseidon,insidecontainer,poseidon-worker-1-container-16-19,mProject,/opt/Montage/bin/mProject,,98.0,0,0
mProject_ID0000001,hdd_5,compute,0,1669077009.0,,,1669077014.0,1669077028.0,1669077545.0,1669077545.0,1669077550.0,5.0,,14.0,517.0,5.0,170.0,737377158.0,143.0,106387200.0,poseidon,insidecontainer,poseidon-worker-2-container-4-7,mProject,/opt/Montage/bin/mProject,,95.6,0,0
mProject_ID0000002,None,compute,0,1669077009.0,,,1669077014.0,1669077028.0,1669077329.0,1669077329.0,1669077334.0,5.0,,14.0,301.0,5.0,179.0,738492925.0,7.0,106387200.0,poseidon,insidecontainer,poseidon-worker-1-container-4-7,mProject,/opt/Montage/bin/mProject,,95.0,0,0
mProject_ID0000169,hdd_5,compute,0,1669077009.0,,,1669077014.0,1669077028.0,1669077374.0,1669077374.0,1669077379.0,5.0,,14.0,346.0,5.0,178.0,735797504.0,6.0,105194880.0,poseidon,insidecontainer,poseidon-worker-2-container-40-43,mProject,/opt/Montage/bin/mProject,,97.6,0,0
mDiffFit_ID0000259,hdd_5,compute,0,1669077334.0,,,1669077339.0,1669077343.0,1669077710.0,1669077710.0,1669077715.0,5.0,,4.0,367.0,5.0,200.0,940041749.0,4.0,50.0,poseidon,insidecontainer,poseidon-worker-2-container-28-31,mDiffFit,/opt/Montage/bin/mDiffFit,,0.0,0,0
mDiffFit_ID0000037,hdd_5,compute,0,1669077334.0,,,1669077339.0,1669077340.0,1669077740.0,1669077740.0,1669077745.0,5.0,,1.0,400.0,5.0,238.0,942627989.0,4.0,50.0,poseidon,insidecontainer,poseidon-worker-1-container-20-23,mDiffFit,/opt/Montage/bin/mDiffFit,,0.0,0,0
mDiffFit_ID0000263,None,compute,0,1669077334.0,,,1669077339.0,1669077340.0,1669077740.0,1669077740.0,1669077745.0,5.0,,1.0,400.0,5.0,239.0,940041749.0,4.0,50.0,poseidon,insidecontainer,poseidon-worker-1-container-16-19,mDiffFit,/opt/Montage/bin/mDiffFit,,0.0,0,0
mDiffFit_ID0000276,hdd_5,compute,0,1669077334.0,,,1669077339.0,1669077345.0,1669077710.0,1669077710.0,1669077715.0,5.0,,6.0,365.0,5.0,199.0,939961109.0,4.0,274.0,poseidon,insidecontainer,poseidon-worker-2-container-20-23,mDiffFit,/opt/Montage/bin/mDiffFit,,0.0,0,0
mDiffFit_ID0000291,None,compute,0,1669077349.0,,,1669077354.0,1669077509.0,1669077891.0,1669077891.0,1669077896.0,5.0,,155.0,382.0,5.0,165.0,940082069.0,4.0,272.0,poseidon,insidecontainer,poseidon-worker-2-container-44-47,mDiffFit,/opt/Montage/bin/mDiffFit,,0.0,0,0
mDiffFit_ID0000225,hdd_5,compute,0,1669077349.0,,,1669077354.0,1669077510.0,1669077891.0,1669077891.0,1669077896.0,5.0,,156.0,381.0,5.0,165.0,940122389.0,4.0,50.0,poseidon,insidecontainer,poseidon-worker-2-container-24-27,mDiffFit,/opt/Montage/bin/mDiffFit,,0.0,0,0
mDiffFit_ID0000038,hdd_5,compute,0,1669077349.0,,,1669077354.0,1669077510.0,1669077891.0,1669077891.0,1669077896.0,5.0,,156.0,381.0,5.0,194.0,942547349.0,4.0,50.0,poseidon,insidecontainer,poseidon-worker-2-container-32-35,mDiffFit,/opt/Montage/bin/mDiffFit,,0.0,0,0
mDiffFit_ID0000221,None,compute,0,1669077349.0,,,1669077354.0,1669077510.0,1669077891.0,1669077891.0,1669077896.0,5.0,,156.0,381.0,5.0,193.0,940122389.0,4.0,50.0,poseidon,insidecontainer,poseidon-worker-2-container-36-39,mDiffFit,/opt/Montage/bin/mDiffFit,,0.0,0,0
mDiffFit_ID0000101,None,compute,0,1669077349.0,,,1669077354.0,1669077357.0,1669077715.0,1669077715.0,1669077720.0,5.0,,3.0,358.0,5.0,194.0,942587669.0,4.0,50.0,poseidon,insidecontainer,poseidon-worker-2-container-16-19,mDiffFit,/opt/Montage/bin/mDiffFit,,0.0,0,0
mDiffFit_ID0000226,hdd_5,compute,0,1669077349.0,,,1669077354.0,1669077381.0,1669077871.0,1669077871.0,1669077876.0,5.0,,27.0,490.0,5.0,341.0,940243349.0,115.0,50.0,poseidon,insidecontainer,poseidon-worker-1-container-36-39,mDiffFit,/opt/Montage/bin/mDiffFit,,0.0,0,0
mDiffFit_ID0000277,hdd_5,compute,0,1669077349.0,,,1669077354.0,1669077510.0,1669077891.0,1669077891.0,1669077896.0,5.0,,156.0,381.0,5.0,165.0,940082069.0,4.0,271.0,poseidon,insidecontainer,poseidon-worker-2-container-12-15,mDiffFit,/opt/Montage/bin/mDiffFit,,0.0,0,0
mDiffFit_ID0000264,hdd_5,compute,0,1669077349.0,,,1669077354.0,1669077510.0,1669077891.0,1669077891.0,1669077896.0,5.0,,156.0,381.0,5.0,165.0,940162709.0,4.0,50.0,poseidon,insidecontainer,poseidon-worker-2-container-8-11,mDiffFit,/opt/Montage/bin/mDiffFit,,0.0,0,0
mDiffFit_ID0000219,hdd_5,compute,0,1669077349.0,,,1669077354.0,1669077510.0,1669077891.0,1669077891.0,1669077896.0,5.0,,156.0,381.0,5.0,169.0,940203029.0,4.0,269.0,poseidon,insidecontainer,poseidon-worker-2-container-40-43,mDiffFit,/opt/Montage/bin/mDiffFit,,0.0,0,0
mDiffFit_ID0000196,hdd_5,compute,0,1669077354.0,,,1669077359.0,1669077382.0,1669077871.0,1669077871.0,1669077876.0,5.0,,23.0,489.0,5.0,344.0,939961109.0,,,poseidon,insidecontainer,poseidon-worker-1-container-40-43,mDiffFit,/opt/Montage/bin/mDiffFit,,0.0,0,0
mDiffFit_ID0000194,hdd_5,compute,0,1669077354.0,,,1669077359.0,1669077382.0,1669077871.0,1669077871.0,1669077876.0,5.0,,23.0,489.0,5.0,344.0,940041749.0,,,poseidon,insidecontainer,poseidon-worker-1-container-12-15,mDiffFit,/opt/Montage/bin/mDiffFit,,0.0,0,0
mDiffFit_ID0000201,hdd_5,compute,0,1669077354.0,,,1669077359.0,1669077543.0,1669077891.0,1669077891.0,1669077896.0,5.0,,184.0,348.0,5.0,167.0,940082069.0,4.0,50.0,poseidon,insidecontainer,poseidon-worker-2-container-4-7,mDiffFit,/opt/Montage/bin/mDiffFit,,0.0,0,0
mDiffFit_ID0000200,hdd_5,compute,0,1669077354.0,,,1669077359.0,1669077382.0,1669077871.0,1669077871.0,1669077876.0,5.0,,23.0,489.0,5.0,293.0,939961109.0,,,poseidon,insidecontainer,poseidon-worker-1-container-24-27,mDiffFit,/opt/Montage/bin/mDiffFit,,0.0,0,0
mDiffFit_ID0000050,None,compute,0,1669077354.0,,,1669077359.0,1669077711.0,1669078132.0,1669078132.0,1669078137.0,5.0,,352.0,421.0,5.0,171.0,942668309.0,4.0,288.0,poseidon,insidecontainer,poseidon-worker-2-container-16-19,mDiffFit,/opt/Montage/bin/mDiffFit,,0.0,0,0
mDiffFit_ID0000190,hdd_5,compute,0,1669077354.0,,,1669077359.0,1669077382.0,1669077740.0,1669077740.0,1669077745.0,5.0,,23.0,358.0,5.0,214.0,940122389.0,4.0,50.0,poseidon,insidecontainer,poseidon-worker-1-container-28-31,mDiffFit,/opt/Montage/bin/mDiffFit,,0.0,0,0
mDiffFit_ID0000032,hdd_5,compute,0,1669077354.0,,,1669077359.0,1669077711.0,1669078132.0,1669078132.0,1669078137.0,5.0,,352.0,421.0,5.0,172.0,942627989.0,4.0,295.0,poseidon,insidecontainer,poseidon-worker-2-container-28-31,mDiffFit,/opt/Montage/bin/mDiffFit,,0.0,0,0
mDiffFit_ID0000051,hdd_5,compute,0,1669077354.0,,,1669077359.0,1669077711.0,1669078132.0,1669078132.0,1669078137.0,5.0,,352.0,421.0,5.0,236.0,942587669.0,4.0,50.0,poseidon,insidecontainer,poseidon-worker-2-container-20-23,mDiffFit,/opt/Montage/bin/mDiffFit,,0.0,0,0
mDiffFit_ID0000193,None,compute,0,1669077364.0,,,1669077369.0,1669077738.0,1669078207.0,1669078207.0,1669078212.0,5.0,,369.0,469.0,5.0,136.0,940001429.0,4.0,284.0,poseidon,insidecontainer,poseidon-worker-1-container-4-7,mDiffFit,/opt/Montage/bin/mDiffFit,,0.0,0,0
mDiffFit_ID0000218,None,compute,0,1669077364.0,,,1669077369.0,1669077738.0,1669078207.0,1669078207.0,1669078212.0,5.0,,369.0,469.0,5.0,282.0,940162709.0,4.0,269.0,poseidon,insidecontainer,poseidon-worker-1-container-0-3,mDiffFit,/opt/Montage/bin/mDiffFit,,0.0,0,0
mDiffFit_ID0000249,None,compute,0,1669077364.0,,,1669077369.0,1669077739.0,1669078207.0,1669078207.0,1669078212.0,5.0,,370.0,468.0,5.0,292.0,940082069.0,4.0,274.0,poseidon,insidecontainer,poseidon-worker-1-container-8-11,mDiffFit,/opt/Montage/bin/mDiffFit,,0.0,0,0
mDiffFit_ID0000255,None,compute,0,1669077364.0,,,1669077369.0,1669077740.0,1669078207.0,1669078207.0,1669078212.0,5.0,,371.0,467.0,5.0,285.0,940001429.0,4.0,50.0,poseidon,insidecontainer,poseidon-worker-1-container-16-19,mDiffFit,/opt/Montage/bin/mDiffFit,,0.0,0,0
mDiffFit_ID0000256,hdd_5,compute,0,1669077364.0,,,1669077369.0,1669077740.0,1669078272.0,1669078272.0,1669078277.0,5.0,,371.0,532.0,5.0,285.0,940122389.0,4.0,50.0,poseidon,insidecontainer,poseidon-worker-1-container-28-31,mDiffFit,/opt/Montage/bin/mDiffFit,,0.0,0,0
mDiffFit_ID0000251,hdd_5,compute,0,1669077364.0,,,1669077369.0,1669077740.0,1669078272.0,1669078272.0,1669078277.0,5.0,,371.0,532.0,5.0,448.0,940001429.0,4.0,282.0,poseidon,insidecontainer,poseidon-worker-1-container-20-23,mDiffFit,/opt/Montage/bin/mDiffFit,,0.0,0,0
mDiffFit_ID0000202,hdd_5,compute,0,1669077379.0,,,1669077384.0,1669078132.0,1669078932.0,1669078932.0,1669078938.0,5.0,,748.0,800.0,6.0,393.0,940041749.0,4.0,50.0,poseidon,insidecontainer,poseidon-worker-2-container-0-3,mDiffFit,/opt/Montage/bin/mDiffFit,,0.0,0,0
mDiffFit_ID0000285,hdd_5,compute,0,1669077379.0,,,1669077384.0,1669078473.0,1669078932.0,1669078932.0,1669078938.0,5.0,,1089.0,459.0,6.0,259.0,940082069.0,4.0,50.0,poseidon,insidecontainer,poseidon-worker-2-container-4-7,mDiffFit,/opt/Montage/bin/mDiffFit,,0.0,0,0
mDiffFit_ID0000288,None,compute,0,1669077379.0,,,1669077384.0,1669078312.0,1669078557.0,1669078557.0,1669078562.0,5.0,,928.0,245.0,5.0,173.0,940001429.0,4.0,269.0,poseidon,insidecontainer,poseidon-worker-1-container-32-35,mDiffFit,/opt/Montage/bin/mDiffFit,,0.0,0,0
mDiffFit_ID0000246,hdd_5,compute,0,1669077379.0,,,1669077384.0,1669077871.0,1669078267.0,1669078267.0,1669078272.0,5.0,,487.0,396.0,5.0,324.0,939915029.0,4.0,50.0,poseidon,insidecontainer,poseidon-worker-1-container-40-43,mDiffFit,/opt/Montage/bin/mDiffFit,,0.0,0,0
mDiffFit_ID0000262,hdd_5,compute,0,1669077379.0,,,1669077384.0,1669078312.0,1669078932.0,1669078932.0,1669078938.0,5.0,,928.0,620.0,6.0,416.0,940082069.0,4.0,50.0,poseidon,insidecontainer,poseidon-worker-2-container-8-11,mDiffFit,/opt/Montage/bin/mDiffFit,,0.0,0,0
mDiffFit_ID0000261,hdd_5,compute,0,1669077379.0,,,1669077384.0,1669078473.0,1669078973.0,1669078973.0,1669078978.0,5.0,,1089.0,500.0,5.0,77.0,940162709.0,5.0,286.0,poseidon,insidecontainer,poseidon-worker-2-container-24-27,mDiffFit,/opt/Montage/bin/mDiffFit,,0.0,0,0
mDiffFit_ID0000284,hdd_5,compute,0,1669077379.0,,,1669077384.0,1669078473.0,1669078932.0,1669078932.0,1669078938.0,5.0,,1089.0,459.0,6.0,253.0,940122389.0,4.0,50.0,poseidon,insidecontainer,poseidon-worker-2-container-12-15,mDiffFit,/opt/Montage/bin/mDiffFit,,0.0,0,0
mDiffFit_ID0000185,hdd_5,compute,0,1669077379.0,,,1669077384.0,1669078312.0,1669078932.0,1669078932.0,1669078938.0,5.0,,928.0,620.0,6.0,200.0,940041749.0,4.0,50.0,poseidon,insidecontainer,poseidon-worker-2-container-40-43,mDiffFit,/opt/Montage/bin/mDiffFit,,0.0,0,0
mDiffFit_ID0000275,hdd_5,compute,0,1669077379.0,,,1669077384.0,1669078312.0,1669078557.0,1669078557.0,1669078562.0,5.0,,928.0,245.0,5.0,173.0,940001429.0,4.0,270.0,poseidon,insidecontainer,poseidon-worker-1-container-36-39,mDiffFit,/opt/Montage/bin/mDiffFit,,0.0,0,0
mDiffFit_ID0000199,None,compute,0,1669077379.0,,,1669077384.0,1669078312.0,1669078557.0,1669078557.0,1669078562.0,5.0,,928.0,245.0,5.0,171.0,940001429.0,5.0,50.0,poseidon,insidecontainer,poseidon-worker-1-container-44-47,mDiffFit,/opt/Montage/bin/mDiffFit,,0.0,0,0
mDiffFit_ID0000254,hdd_5,compute,0,1669077379.0,,,1669077384.0,1669078312.0,1669078557.0,1669078557.0,1669078562.0,5.0,,928.0,245.0,5.0,173.0,940041749.0,5.0,50.0,poseidon,insidecontainer,poseidon-worker-1-container-40-43,mDiffFit,/opt/Montage/bin/mDiffFit,,0.0,0,0
mDiffFit_ID0000212,None,compute,0,1669077379.0,,,1669077384.0,1669078733.0,1669079224.0,1669079224.0,1669079229.0,5.0,,1349.0,491.0,5.0,240.0,940001429.0,67.0,50.0,poseidon,insidecontainer,poseidon-worker-2-container-16-19,mDiffFit,/opt/Montage/bin/mDiffFit,,0.0,0,0
mDiffFit_ID0000224,None,compute,0,1669077379.0,,,1669077384.0,1669078312.0,1669078932.0,1669078932.0,1669078938.0,5.0,,928.0,620.0,6.0,307.0,940162709.0,4.0,50.0,poseidon,insidecontainer,poseidon-worker-2-container-44-47,mDiffFit,/opt/Montage/bin/mDiffFit,,0.0,0,0
mDiffFit_ID0000213,hdd_5,compute,0,1669077379.0,,,1669077384.0,1669078828.0,1669079339.0,1669079339.0,1669079344.0,5.0,,1444.0,511.0,5.0,192.0,939961109.0,176.0,100.0,poseidon,insidecontainer,poseidon-worker-1-container-12-15,mDiffFit,/opt/Montage/bin/mDiffFit,,0.0,0,0
mDiffFit_ID0000048,None,compute,0,1669077379.0,,,1669077384.0,1669078556.0,1669078832.0,1669078832.0,1669078837.0,5.0,,1172.0,276.0,5.0,217.0,942627989.0,5.0,287.0,poseidon,insidecontainer,poseidon-worker-1-container-0-3,mDiffFit,/opt/Montage/bin/mDiffFit,,0.0,0,0
mDiffFit_ID0000035,None,compute,0,1669077379.0,,,1669077384.0,1669078555.0,1669078832.0,1669078832.0,1669078837.0,5.0,,1171.0,277.0,5.0,220.0,942587669.0,5.0,294.0,poseidon,insidecontainer,poseidon-worker-1-container-44-47,mDiffFit,/opt/Montage/bin/mDiffFit,,0.0,0,0
mDiffFit_ID0000278,None,compute,0,1669077379.0,,,1669077384.0,1669078205.0,1669078282.0,1669078282.0,1669078287.0,5.0,,821.0,77.0,5.0,52.0,940041749.0,4.0,50.0,poseidon,insidecontainer,poseidon-worker-1-container-4-7,mDiffFit,/opt/Montage/bin/mDiffFit,,0.0,0,0
mDiffFit_ID0000257,hdd_5,compute,0,1669077379.0,,,1669077384.0,1669078130.0,1669078542.0,1669078542.0,1669078547.0,5.0,,746.0,412.0,5.0,178.0,940082069.0,,,poseidon,insidecontainer,poseidon-worker-2-container-28-31,mDiffFit,/opt/Montage/bin/mDiffFit,,0.0,0,0
mDiffFit_ID0000215,hdd_5,compute,0,1669077379.0,,,1669077384.0,1669078829.0,1669079339.0,1669079339.0,1669079344.0,5.0,,1445.0,510.0,5.0,187.0,940041749.0,176.0,100.0,poseidon,insidecontainer,poseidon-worker-1-container-40-43,mDiffFit,/opt/Montage/bin/mDiffFit,,0.0,0,0
mDiffFit_ID0000248,None,compute,0,1669077379.0,,,1669077384.0,1669078130.0,1669078732.0,1669078732.0,1669078737.0,5.0,,746.0,602.0,5.0,288.0,939995669.0,5.0,50.0,poseidon,insidecontainer,poseidon-worker-2-container-16-19,mDiffFit,/opt/Montage/bin/mDiffFit,,0.0,0,0
mDiffFit_ID0000227,hdd_5,compute,0,1669077379.0,,,1669077384.0,1669078130.0,1669078542.0,1669078542.0,1669078547.0,5.0,,746.0,412.0,5.0,178.0,940203029.0,,,poseidon,insidecontainer,poseidon-worker-2-container-20-23,mDiffFit,/opt/Montage/bin/mDiffFit,,0.0,0,0
mDiffFit_ID0000290,None,compute,0,1669077379.0,,,1669077384.0,1669078312.0,1669078932.0,1669078932.0,1669078938.0,5.0,,928.0,620.0,6.0,415.0,940082069.0,4.0,50.0,poseidon,insidecontainer,poseidon-worker-2-container-36-39,mDiffFit,/opt/Montage/bin/mDiffFit,,0.0,0,0
mDiffFit_ID0000287,hdd_5,compute,0,1669077379.0,,,1669077384.0,1669078668.0,1669079008.0,1669079008.0,1669079013.0,5.0,,1284.0,340.0,5.0,258.0,940162709.0,24.0,271.0,poseidon,insidecontainer,poseidon-worker-2-container-28-31,mDiffFit,/opt/Montage/bin/mDiffFit,,0.0,0,0
mDiffFit_ID0000188,None,compute,0,1669077379.0,,,1669077384.0,1669078205.0,1669078282.0,1669078282.0,1669078287.0,5.0,,821.0,77.0,5.0,53.0,940082069.0,4.0,50.0,poseidon,insidecontainer,poseidon-worker-1-container-16-19,mDiffFit,/opt/Montage/bin/mDiffFit,,0.0,0,0
mDiffFit_ID0000187,hdd_5,compute,0,1669077379.0,,,1669077384.0,1669077888.0,1669078312.0,1669078312.0,1669078317.0,5.0,,504.0,424.0,5.0,170.0,940122389.0,4.0,50.0,poseidon,insidecontainer,poseidon-worker-2-container-40-43,mDiffFit,/opt/Montage/bin/mDiffFit,,0.0,0,0
mDiffFit_ID0000286,hdd_5,compute,0,1669077379.0,,,1669077384.0,1669078668.0,1669079003.0,1669079003.0,1669079008.0,5.0,,1284.0,335.0,5.0,255.0,940203029.0,4.0,272.0,poseidon,insidecontainer,poseidon-worker-2-container-20-23,mDiffFit,/opt/Montage/bin/mDiffFit,,0.0,0,0
mDiffFit_ID0000265,None,compute,0,1669077379.0,,,1669077384.0,1669078205.0,1669078282.0,1669078282.0,1669078287.0,5.0,,821.0,77.0,5.0,52.0,940122389.0,4.0,50.0,poseidon,insidecontainer,poseidon-worker-1-container-0-3,mDiffFit,/opt/Montage/bin/mDiffFit,,0.0,0,0
mDiffFit_ID0000289,hdd_5,compute,0,1669077379.0,,,1669077384.0,1669078312.0,1669078557.0,1669078557.0,1669078562.0,5.0,,928.0,245.0,5.0,174.0,940122389.0,5.0,50.0,poseidon,insidecontainer,poseidon-worker-1-container-20-23,mDiffFit,/opt/Montage/bin/mDiffFit,,0.0,0,0
mDiffFit_ID0000293,None,compute,0,1669077379.0,,,1669077384.0,1669078206.0,1669078282.0,1669078282.0,1669078287.0,5.0,,822.0,76.0,5.0,52.0,940162709.0,4.0,271.0,poseidon,insidecontainer,poseidon-worker-1-container-8-11,mDiffFit,/opt/Montage/bin/mDiffFit,,0.0,0,0
mDiffFit_ID0000214,hdd_5,compute,0,1669077379.0,,,1669077384.0,1669078829.0,1669079098.0,1669079098.0,1669079104.0,5.0,,1445.0,269.0,6.0,194.0,940082069.0,4.0,50.0,poseidon,insidecontainer,poseidon-worker-1-container-36-39,mDiffFit,/opt/Montage/bin/mDiffFit,,0.0,0,0
mDiffFit_ID0000247,hdd_5,compute,0,1669077379.0,,,1669077384.0,1669077878.0,1669078132.0,1669078132.0,1669078137.0,5.0,,494.0,254.0,5.0,95.0,940035989.0,4.0,50.0,poseidon,insidecontainer,poseidon-worker-2-container-0-3,mDiffFit,/opt/Montage/bin/mDiffFit,,0.0,0,0
mDiffFit_ID0000292,hdd_5,compute,0,1669077379.0,,,1669077384.0,1669078312.0,1669078557.0,1669078557.0,1669078562.0,5.0,,928.0,245.0,5.0,174.0,940041749.0,5.0,50.0,poseidon,insidecontainer,poseidon-worker-1-container-28-31,mDiffFit,/opt/Montage/bin/mDiffFit,,0.0,0,0
mDiffFit_ID0000083,hdd_5,compute,0,1669077379.0,,,1669077384.0,1669078555.0,1669078832.0,1669078832.0,1669078837.0,5.0,,1171.0,277.0,5.0,220.0,942627989.0,5.0,50.0,poseidon,insidecontainer,poseidon-worker-1-container-24-27,mDiffFit,/opt/Montage/bin/mDiffFit,,0.0,0,0
mDiffFit_ID0000084,hdd_5,compute,0,1669077379.0,,,1669077384.0,1669078555.0,1669078832.0,1669078832.0,1669078837.0,5.0,,1171.0,277.0,5.0,214.0,942547349.0,4.0,288.0,poseidon,insidecontainer,poseidon-worker-1-container-12-15,mDiffFit,/opt/Montage/bin/mDiffFit,,0.0,0,0
mDiffFit_ID0000186,hdd_5,compute,0,1669077379.0,,,1669077384.0,1669077888.0,1669078422.0,1669078422.0,1669078427.0,5.0,,504.0,534.0,5.0,173.0,940001429.0,4.0,50.0,poseidon,insidecontainer,poseidon-worker-2-container-32-35,mDiffFit,/opt/Montage/bin/mDiffFit,,0.0,0,0
mDiffFit_ID0000184,hdd_5,compute,0,1669077379.0,,,1669077384.0,1669078473.0,1669078932.0,1669078932.0,1669078938.0,5.0,,1089.0,459.0,6.0,203.0,940122389.0,5.0,50.0,poseidon,insidecontainer,poseidon-worker-2-container-32-35,mDiffFit,/opt/Montage/bin/mDiffFit,,0.0,0,0
mDiffFit_ID0000245,None,compute,0,1669077379.0,,,1669077384.0,1669078312.0,1669078557.0,1669078557.0,1669078562.0,5.0,,928.0,245.0,5.0,176.0,939955349.0,5.0,50.0,poseidon,insidecontainer,poseidon-worker-1-container-0-3,mDiffFit,/opt/Montage/bin/mDiffFit,,0.0,0,0
mDiffFit_ID0000198,None,compute,0,1669077379.0,,,1669077384.0,1669078312.0,1669078587.0,1669078587.0,1669078592.0,5.0,,928.0,275.0,5.0,230.0,940082069.0,4.0,50.0,poseidon,insidecontainer,poseidon-worker-1-container-4-7,mDiffFit,/opt/Montage/bin/mDiffFit,,0.0,0,0
mDiffFit_ID0000192,None,compute,0,1669077379.0,,,1669077384.0,1669077751.0,1669078272.0,1669078272.0,1669078277.0,5.0,,367.0,521.0,5.0,332.0,939915029.0,4.0,292.0,poseidon,insidecontainer,poseidon-worker-1-container-32-35,mDiffFit,/opt/Montage/bin/mDiffFit,,0.0,0,0
mDiffFit_ID0000242,hdd_5,compute,0,1669077379.0,,,1669077384.0,1669077871.0,1669078272.0,1669078272.0,1669078277.0,5.0,,487.0,401.0,5.0,327.0,939915029.0,4.0,287.0,poseidon,insidecontainer,poseidon-worker-1-container-24-27,mDiffFit,/opt/Montage/bin/mDiffFit,,0.0,0,0
mDiffFit_ID0000182,hdd_5,compute,0,1669077379.0,,,1669077384.0,1669077888.0,1669078422.0,1669078422.0,1669078427.0,5.0,,504.0,534.0,5.0,172.0,940001429.0,4.0,50.0,poseidon,insidecontainer,poseidon-worker-2-container-4-7,mDiffFit,/opt/Montage/bin/mDiffFit,,0.0,0,0
mDiffFit_ID0000209,None,compute,0,1669077379.0,,,1669077384.0,1669078556.0,1669078832.0,1669078832.0,1669078837.0,5.0,,1172.0,276.0,5.0,199.0,939961109.0,5.0,50.0,poseidon,insidecontainer,poseidon-worker-1-container-32-35,mDiffFit,/opt/Montage/bin/mDiffFit,,0.0,0,0
mDiffFit_ID0000240,hdd_5,compute,0,1669077379.0,,,1669077384.0,1669077871.0,1669078272.0,1669078272.0,1669078277.0,5.0,,487.0,401.0,5.0,322.0,939995669.0,4.0,50.0,poseidon,insidecontainer,poseidon-worker-1-container-12-15,mDiffFit,/opt/Montage/bin/mDiffFit,,0.0,0,0
mDiffFit_ID0000205,hdd_5,compute,0,1669077379.0,,,1669077384.0,1669078556.0,1669078832.0,1669078832.0,1669078837.0,5.0,,1172.0,276.0,5.0,196.0,939915029.0,5.0,285.0,poseidon,insidecontainer,poseidon-worker-1-container-28-31,mDiffFit,/opt/Montage/bin/mDiffFit,,0.0,0,0
mDiffFit_ID0000274,hdd_5,compute,0,1669077379.0,,,1669077384.0,1669078312.0,1669078557.0,1669078557.0,1669078562.0,5.0,,928.0,245.0,5.0,174.0,940082069.0,5.0,50.0,poseidon,insidecontainer,poseidon-worker-1-container-24-27,mDiffFit,/opt/Montage/bin/mDiffFit,,0.0,0,0
mDiffFit_ID0000176,hdd_5,compute,0,1669077379.0,,,1669077384.0,1669077888.0,1669078287.0,1669078287.0,1669078292.0,5.0,,504.0,399.0,5.0,170.0,940162709.0,4.0,50.0,poseidon,insidecontainer,poseidon-worker-2-container-8-11,mDiffFit,/opt/Montage/bin/mDiffFit,,0.0,0,0
mDiffFit_ID0000178,None,compute,0,1669077379.0,,,1669077384.0,1669077888.0,1669078287.0,1669078287.0,1669078292.0,5.0,,504.0,399.0,5.0,170.0,939955349.0,4.0,284.0,poseidon,insidecontainer,poseidon-worker-2-container-44-47,mDiffFit,/opt/Montage/bin/mDiffFit,,0.0,0,0
mDiffFit_ID0000203,hdd_5,compute,0,1669077379.0,,,1669077384.0,1669078556.0,1669078832.0,1669078832.0,1669078837.0,5.0,,1172.0,276.0,5.0,220.0,940122389.0,5.0,279.0,poseidon,insidecontainer,poseidon-worker-1-container-20-23,mDiffFit,/opt/Montage/bin/mDiffFit,,0.0,0,0
mDiffFit_ID0000217,None,compute,0,1669077379.0,,,1669077384.0,1669077750.0,1669078272.0,1669078272.0,1669078277.0,5.0,,366.0,522.0,5.0,331.0,940076309.0,4.0,50.0,poseidon,insidecontainer,poseidon-worker-1-container-44-47,mDiffFit,/opt/Montage/bin/mDiffFit,,0.0,0,0
mDiffFit_ID0000175,hdd_5,compute,0,1669077379.0,,,1669077384.0,1669078556.0,1669078832.0,1669078832.0,1669078837.0,5.0,,1172.0,276.0,5.0,214.0,940001429.0,4.0,50.0,poseidon,insidecontainer,poseidon-worker-1-container-36-39,mDiffFit,/opt/Montage/bin/mDiffFit,,0.0,0,0
mDiffFit_ID0000174,hdd_5,compute,0,1669077379.0,,,1669077384.0,1669077887.0,1669078422.0,1669078422.0,1669078427.0,5.0,,503.0,535.0,5.0,170.0,940001429.0,4.0,297.0,poseidon,insidecontainer,poseidon-worker-2-container-24-27,mDiffFit,/opt/Montage/bin/mDiffFit,,0.0,0,0
mDiffFit_ID0000223,hdd_5,compute,0,1669077379.0,,,1669077384.0,1669078312.0,1669078557.0,1669078557.0,1669078562.0,5.0,,928.0,245.0,5.0,173.0,940243349.0,5.0,50.0,poseidon,insidecontainer,poseidon-worker-1-container-12-15,mDiffFit,/opt/Montage/bin/mDiffFit,,0.0,0,0
mDiffFit_ID0000239,hdd_5,compute,0,1669077379.0,,,1669077384.0,1669077870.0,1669078272.0,1669078272.0,1669078277.0,5.0,,486.0,402.0,5.0,327.0,939955349.0,4.0,290.0,poseidon,insidecontainer,poseidon-worker-1-container-36-39,mDiffFit,/opt/Montage/bin/mDiffFit,,0.0,0,0
mDiffFit_ID0000206,None,compute,0,1669077379.0,,,1669077384.0,1669078556.0,1669078832.0,1669078832.0,1669078837.0,5.0,,1172.0,276.0,5.0,219.0,940001429.0,5.0,289.0,poseidon,insidecontainer,poseidon-worker-1-container-16-19,mDiffFit,/opt/Montage/bin/mDiffFit,,0.0,0,0
mDiffFit_ID0000244,None,compute,0,1669077379.0,,,1669077384.0,1669078312.0,1669078557.0,1669078557.0,1669078562.0,5.0,,928.0,245.0,5.0,174.0,940035989.0,5.0,50.0,poseidon,insidecontainer,poseidon-worker-1-container-8-11,mDiffFit,/opt/Montage/bin/mDiffFit,,0.0,0,0
mDiffFit_ID0000211,None,compute,0,1669077379.0,,,1669077384.0,1669078583.0,1669078832.0,1669078832.0,1669078837.0,5.0,,1199.0,249.0,5.0,194.0,940082069.0,5.0,50.0,poseidon,insidecontainer,poseidon-worker-1-container-4-7,mDiffFit,/opt/Montage/bin/mDiffFit,,0.0,0,0
mDiffFit_ID0000179,hdd_5,compute,0,1669077379.0,,,1669077384.0,1669077888.0,1669078422.0,1669078422.0,1669078427.0,5.0,,504.0,534.0,5.0,170.0,940041749.0,4.0,50.0,poseidon,insidecontainer,poseidon-worker-2-container-12-15,mDiffFit,/opt/Montage/bin/mDiffFit,,0.0,0,0
mDiffFit_ID0000180,None,compute,0,1669077379.0,,,1669077384.0,1669077888.0,1669078287.0,1669078287.0,1669078292.0,5.0,,504.0,399.0,5.0,169.0,940082069.0,4.0,50.0,poseidon,insidecontainer,poseidon-worker-2-container-36-39,mDiffFit,/opt/Montage/bin/mDiffFit,,0.0,0,0
mDiffFit_ID0000207,hdd_5,compute,0,1669077379.0,,,1669077384.0,1669078556.0,1669078832.0,1669078832.0,1669078837.0,5.0,,1172.0,276.0,5.0,214.0,940041749.0,4.0,288.0,poseidon,insidecontainer,poseidon-worker-1-container-40-43,mDiffFit,/opt/Montage/bin/mDiffFit,,0.0,0,0
mDiffFit_ID0000253,None,compute,0,1669077379.0,,,1669077384.0,1669078312.0,1669078557.0,1669078557.0,1669078562.0,5.0,,928.0,245.0,5.0,172.0,940122389.0,4.0,285.0,poseidon,insidecontainer,poseidon-worker-1-container-16-19,mDiffFit,/opt/Montage/bin/mDiffFit,,0.0,0,0
mDiffFit_ID0000189,None,compute,0,1669077379.0,,,1669077384.0,1669078556.0,1669078832.0,1669078832.0,1669078837.0,5.0,,1172.0,276.0,5.0,219.0,939961109.0,5.0,293.0,poseidon,insidecontainer,poseidon-worker-1-container-8-11,mDiffFit,/opt/Montage/bin/mDiffFit,,0.0,0,0
mDiffFit_ID0000229,None,compute,0,1669077389.0,,,1669077394.0,1669078929.0,1669079319.0,1669079319.0,1669079324.0,5.0,,1535.0,390.0,5.0,243.0,939955349.0,4.0,50.0,poseidon,insidecontainer,poseidon-worker-2-container-44-47,mDiffFit,/opt/Montage/bin/mDiffFit,,0.0,0,0
mDiffFit_ID0000272,hdd_5,compute,0,1669077389.0,,,1669077394.0,1669079316.0,1669079624.0,1669079624.0,1669079629.0,5.0,,1922.0,308.0,5.0,199.0,940041749.0,4.0,50.0,poseidon,insidecontainer,poseidon-worker-2-container-24-27,mDiffFit,/opt/Montage/bin/mDiffFit,,0.0,0,0
mDiffFit_ID0000283,hdd_5,compute,0,1669077389.0,,,1669077395.0,1669079691.0,1669079939.0,1669079939.0,1669079944.0,6.0,,2296.0,248.0,5.0,29.0,940122389.0,4.0,270.0,poseidon,insidecontainer,poseidon-worker-1-container-28-31,mDiffFit,/opt/Montage/bin/mDiffFit,,0.0,0,0
mDiffFit_ID0000228,hdd_5,compute,0,1669077389.0,,,1669077394.0,1669078929.0,1669079319.0,1669079319.0,1669079324.0,5.0,,1535.0,390.0,5.0,244.0,939868949.0,4.0,290.0,poseidon,insidecontainer,poseidon-worker-2-container-40-43,mDiffFit,/opt/Montage/bin/mDiffFit,,0.0,0,0
mDiffFit_ID0000177,hdd_5,compute,0,1669077389.0,,,1669077394.0,1669078830.0,1669079098.0,1669079098.0,1669079104.0,5.0,,1436.0,268.0,6.0,194.0,939955349.0,4.0,294.0,poseidon,insidecontainer,poseidon-worker-1-container-20-23,mDiffFit,/opt/Montage/bin/mDiffFit,,0.0,0,0
mDiffFit_ID0000092,None,compute,0,1669077389.0,,,1669077394.0,1669078830.0,1669079099.0,1669079099.0,1669079104.0,5.0,,1436.0,269.0,5.0,184.0,942668309.0,4.0,292.0,poseidon,insidecontainer,poseidon-worker-1-container-32-35,mDiffFit,/opt/Montage/bin/mDiffFit,,0.0,0,0
mDiffFit_ID0000093,hdd_5,compute,0,1669077389.0,,,1669077394.0,1669078830.0,1669079098.0,1669079098.0,1669079104.0,5.0,,1436.0,268.0,6.0,195.0,942587669.0,4.0,50.0,poseidon,insidecontainer,poseidon-worker-1-container-24-27,mDiffFit,/opt/Montage/bin/mDiffFit,,0.0,0,0
mDiffFit_ID0000204,None,compute,0,1669077389.0,,,1669077394.0,1669078830.0,1669079099.0,1669079099.0,1669079104.0,5.0,,1436.0,269.0,5.0,183.0,939915029.0,4.0,50.0,poseidon,insidecontainer,poseidon-worker-1-container-8-11,mDiffFit,/opt/Montage/bin/mDiffFit,,0.0,0,0
mDiffFit_ID0000216,None,compute,0,1669077389.0,,,1669077394.0,1669078830.0,1669079099.0,1669079099.0,1669079104.0,5.0,,1436.0,269.0,5.0,185.0,940076309.0,4.0,50.0,poseidon,insidecontainer,poseidon-worker-1-container-16-19,mDiffFit,/opt/Montage/bin/mDiffFit,,0.0,0,0
mDiffFit_ID0000191,hdd_5,compute,0,1669077389.0,,,1669077394.0,1669078830.0,1669079099.0,1669079099.0,1669079104.0,5.0,,1436.0,269.0,5.0,192.0,939915029.0,4.0,289.0,poseidon,insidecontainer,poseidon-worker-1-container-28-31,mDiffFit,/opt/Montage/bin/mDiffFit,,0.0,0,0
mDiffFit_ID0000049,None,compute,0,1669077389.0,,,1669077394.0,1669078830.0,1669079099.0,1669079099.0,1669079104.0,5.0,,1436.0,269.0,5.0,192.0,942668309.0,4.0,286.0,poseidon,insidecontainer,poseidon-worker-1-container-44-47,mDiffFit,/opt/Montage/bin/mDiffFit,,0.0,0,0
mDiffFit_ID0000060,hdd_5,compute,0,1669077389.0,,,1669077394.0,1669079317.0,1669079624.0,1669079624.0,1669079629.0,5.0,,1923.0,307.0,5.0,198.0,942668309.0,4.0,50.0,poseidon,insidecontainer,poseidon-worker-2-container-32-35,mDiffFit,/opt/Montage/bin/mDiffFit,,0.0,0,0
mDiffFit_ID0000046,hdd_5,compute,0,1669077389.0,,,1669077394.0,1669079317.0,1669079624.0,1669079624.0,1669079629.0,5.0,,1923.0,307.0,5.0,200.0,942708629.0,4.0,293.0,poseidon,insidecontainer,poseidon-worker-2-container-20-23,mDiffFit,/opt/Montage/bin/mDiffFit,,0.0,0,0
mDiffFit_ID0000033,None,compute,0,1669077389.0,,,1669077394.0,1669079317.0,1669079624.0,1669079624.0,1669079629.0,5.0,,1923.0,307.0,5.0,200.0,942668309.0,4.0,50.0,poseidon,insidecontainer,poseidon-worker-2-container-44-47,mDiffFit,/opt/Montage/bin/mDiffFit,,0.0,0,0
mDiffFit_ID0000063,hdd_5,compute,0,1669077389.0,,,1669077394.0,1669079317.0,1669079624.0,1669079624.0,1669079629.0,5.0,,1923.0,307.0,5.0,203.0,942627989.0,4.0,50.0,poseidon,insidecontainer,poseidon-worker-2-container-0-3,mDiffFit,/opt/Montage/bin/mDiffFit,,0.0,0,0
mDiffFit_ID0000062,hdd_5,compute,0,1669077389.0,,,1669077394.0,1669079317.0,1669079624.0,1669079624.0,1669079629.0,5.0,,1923.0,307.0,5.0,199.0,942708629.0,4.0,288.0,poseidon,insidecontainer,poseidon-worker-2-container-8-11,mDiffFit,/opt/Montage/bin/mDiffFit,,0.0,0,0
mDiffFit_ID0000061,hdd_5,compute,0,1669077389.0,,,1669077394.0,1669079317.0,1669079624.0,1669079624.0,1669079629.0,5.0,,1923.0,307.0,5.0,199.0,942708629.0,4.0,287.0,poseidon,insidecontainer,poseidon-worker-2-container-4-7,mDiffFit,/opt/Montage/bin/mDiffFit,,0.0,0,0
mDiffFit_ID0000082,None,compute,0,1669077389.0,,,1669077394.0,1669078829.0,1669079093.0,1669079093.0,1669079098.0,5.0,,1435.0,264.0,5.0,194.0,942627989.0,4.0,286.0,poseidon,insidecontainer,poseidon-worker-1-container-4-7,mDiffFit,/opt/Montage/bin/mDiffFit,,0.0,0,0
mDiffFit_ID0000230,hdd_5,compute,0,1669077389.0,,,1669077394.0,1669078929.0,1669079319.0,1669079319.0,1669079324.0,5.0,,1535.0,390.0,5.0,244.0,939995669.0,4.0,50.0,poseidon,insidecontainer,poseidon-worker-2-container-8-11,mDiffFit,/opt/Montage/bin/mDiffFit,,0.0,0,0
mDiffFit_ID0000036,None,compute,0,1669077389.0,,,1669077394.0,1669078830.0,1669079093.0,1669079093.0,1669079098.0,5.0,,1436.0,263.0,5.0,182.0,942627989.0,4.0,285.0,poseidon,insidecontainer,poseidon-worker-1-container-0-3,mDiffFit,/opt/Montage/bin/mDiffFit,,0.0,0,0
mDiffFit_ID0000282,None,compute,0,1669077389.0,,,1669077395.0,1669079395.0,1669079629.0,1669079629.0,1669079634.0,6.0,,2000.0,234.0,5.0,161.0,940162709.0,5.0,277.0,poseidon,insidecontainer,poseidon-worker-2-container-16-19,mDiffFit,/opt/Montage/bin/mDiffFit,,0.0,0,0
mDiffFit_ID0000238,hdd_5,compute,0,1669077389.0,,,1669077394.0,1669078973.0,1669079319.0,1669079319.0,1669079324.0,5.0,,1579.0,346.0,5.0,239.0,939995669.0,4.0,50.0,poseidon,insidecontainer,poseidon-worker-2-container-0-3,mDiffFit,/opt/Montage/bin/mDiffFit,,0.0,0,0
mDiffFit_ID0000280,hdd_5,compute,0,1669077389.0,,,1669077395.0,1669079374.0,1669079934.0,1669079934.0,1669079939.0,6.0,,1979.0,560.0,5.0,160.0,940082069.0,80.0,50.0,poseidon,insidecontainer,poseidon-worker-1-container-20-23,mDiffFit,/opt/Montage/bin/mDiffFit,,0.0,0,0
mDiffFit_ID0000269,hdd_5,compute,0,1669077389.0,,,1669077394.0,1669079094.0,1669079544.0,1669079544.0,1669079549.0,5.0,,1700.0,450.0,5.0,226.0,940001429.0,4.0,280.0,poseidon,insidecontainer,poseidon-worker-1-container-28-31,mDiffFit,/opt/Montage/bin/mDiffFit,,0.0,0,0
mDiffFit_ID0000235,hdd_5,compute,0,1669077389.0,,,1669077394.0,1669078929.0,1669079319.0,1669079319.0,1669079324.0,5.0,,1535.0,390.0,5.0,244.0,939955349.0,4.0,50.0,poseidon,insidecontainer,poseidon-worker-2-container-4-7,mDiffFit,/opt/Montage/bin/mDiffFit,,0.0,0,0
mDiffFit_ID0000234,hdd_5,compute,0,1669077389.0,,,1669077394.0,1669078929.0,1669079319.0,1669079319.0,1669079324.0,5.0,,1535.0,390.0,5.0,244.0,940035989.0,4.0,50.0,poseidon,insidecontainer,poseidon-worker-2-container-12-15,mDiffFit,/opt/Montage/bin/mDiffFit,,0.0,0,0
mDiffFit_ID0000279,None,compute,0,1669077389.0,,,1669077395.0,1669079374.0,1669079934.0,1669079934.0,1669079939.0,6.0,,1979.0,560.0,5.0,160.0,940162709.0,80.0,276.0,poseidon,insidecontainer,poseidon-worker-1-container-4-7,mDiffFit,/opt/Montage/bin/mDiffFit,,0.0,0,0
mDiffFit_ID0000268,None,compute,0,1669077389.0,,,1669077394.0,1669079094.0,1669079359.0,1669079359.0,1669079364.0,5.0,,1700.0,265.0,5.0,168.0,940082069.0,4.0,50.0,poseidon,insidecontainer,poseidon-worker-1-container-8-11,mDiffFit,/opt/Montage/bin/mDiffFit,,0.0,0,0
mDiffFit_ID0000260,None,compute,0,1669077389.0,,,1669077395.0,1669079374.0,1669079934.0,1669079934.0,1669079939.0,6.0,,1979.0,560.0,5.0,162.0,940122389.0,80.0,264.0,poseidon,insidecontainer,poseidon-worker-1-container-32-35,mDiffFit,/opt/Montage/bin/mDiffFit,,0.0,0,0
mDiffFit_ID0000183,None,compute,0,1669077389.0,,,1669077395.0,1669079373.0,1669079934.0,1669079934.0,1669079939.0,6.0,,1978.0,561.0,5.0,163.0,940082069.0,80.0,50.0,poseidon,insidecontainer,poseidon-worker-1-container-44-47,mDiffFit,/opt/Montage/bin/mDiffFit,,0.0,0,0
mDiffFit_ID0000236,hdd_5,compute,0,1669077389.0,,,1669077394.0,1669078972.0,1669079319.0,1669079319.0,1669079324.0,5.0,,1578.0,347.0,5.0,246.0,939915029.0,4.0,50.0,poseidon,insidecontainer,poseidon-worker-2-container-32-35,mDiffFit,/opt/Montage/bin/mDiffFit,,0.0,0,0
mDiffFit_ID0000273,None,compute,0,1669077389.0,,,1669077395.0,1669079359.0,1669079704.0,1669079704.0,1669079709.0,6.0,,1964.0,345.0,5.0,184.0,940041749.0,4.0,290.0,poseidon,insidecontainer,poseidon-worker-1-container-16-19,mDiffFit,/opt/Montage/bin/mDiffFit,,0.0,0,0
mDiffFit_ID0000197,None,compute,0,1669077389.0,,,1669077395.0,1669079356.0,1669079704.0,1669079704.0,1669079709.0,6.0,,1961.0,348.0,5.0,185.0,940041749.0,4.0,50.0,poseidon,insidecontainer,poseidon-worker-1-container-8-11,mDiffFit,/opt/Montage/bin/mDiffFit,,0.0,0,0
mDiffFit_ID0000210,hdd_5,compute,0,1669077389.0,,,1669077395.0,1669079339.0,1669079704.0,1669079704.0,1669079709.0,6.0,,1944.0,365.0,5.0,188.0,940041749.0,4.0,50.0,poseidon,insidecontainer,poseidon-worker-1-container-12-15,mDiffFit,/opt/Montage/bin/mDiffFit,,0.0,0,0
mDiffFit_ID0000243,hdd_5,compute,0,1669077389.0,,,1669077395.0,1669079339.0,1669079704.0,1669079704.0,1669079709.0,6.0,,1944.0,365.0,5.0,186.0,939995669.0,4.0,281.0,poseidon,insidecontainer,poseidon-worker-1-container-40-43,mDiffFit,/opt/Montage/bin/mDiffFit,,0.0,0,0
mDiffFit_ID0000222,hdd_5,compute,0,1669077389.0,,,1669077394.0,1669079317.0,1669079624.0,1669079624.0,1669079629.0,5.0,,1923.0,307.0,5.0,199.0,940203029.0,4.0,50.0,poseidon,insidecontainer,poseidon-worker-2-container-40-43,mDiffFit,/opt/Montage/bin/mDiffFit,,0.0,0,0
mDiffFit_ID0000252,None,compute,0,1669077389.0,,,1669077395.0,1669079357.0,1669079704.0,1669079704.0,1669079709.0,6.0,,1962.0,347.0,5.0,185.0,940082069.0,4.0,289.0,poseidon,insidecontainer,poseidon-worker-1-container-0-3,mDiffFit,/opt/Montage/bin/mDiffFit,,0.0,0,0
mDiffFit_ID0000267,hdd_5,compute,0,1669077389.0,,,1669077394.0,1669079317.0,1669079624.0,1669079624.0,1669079629.0,5.0,,1923.0,307.0,5.0,200.0,940041749.0,4.0,50.0,poseidon,insidecontainer,poseidon-worker-2-container-12-15,mDiffFit,/opt/Montage/bin/mDiffFit,,0.0,0,0
mDiffFit_ID0000271,None,compute,0,1669077389.0,,,1669077394.0,1669079222.0,1669079399.0,1669079399.0,1669079404.0,5.0,,1828.0,177.0,5.0,66.0,940082069.0,4.0,50.0,poseidon,insidecontainer,poseidon-worker-2-container-16-19,mDiffFit,/opt/Montage/bin/mDiffFit,,0.0,0,0
mDiffFit_ID0000181,hdd_5,compute,0,1669077389.0,,,1669077394.0,1669078999.0,1669079319.0,1669079319.0,1669079324.0,5.0,,1605.0,320.0,5.0,218.0,940001429.0,4.0,50.0,poseidon,insidecontainer,poseidon-worker-2-container-20-23,mDiffFit,/opt/Montage/bin/mDiffFit,,0.0,0,0
mDiffFit_ID0000208,hdd_5,compute,0,1669077389.0,,,1669077394.0,1669079008.0,1669079394.0,1669079394.0,1669079399.0,5.0,,1614.0,386.0,5.0,152.0,939961109.0,4.0,50.0,poseidon,insidecontainer,poseidon-worker-2-container-28-31,mDiffFit,/opt/Montage/bin/mDiffFit,,0.0,0,0
mDiffFit_ID0000258,None,compute,0,1669077389.0,,,1669077394.0,1669079094.0,1669079359.0,1669079359.0,1669079364.0,5.0,,1700.0,265.0,5.0,169.0,940041749.0,4.0,50.0,poseidon,insidecontainer,poseidon-worker-1-container-0-3,mDiffFit,/opt/Montage/bin/mDiffFit,,0.0,0,0
mDiffFit_ID0000231,None,compute,0,1669077389.0,,,1669077394.0,1669079094.0,1669079374.0,1669079374.0,1669079379.0,5.0,,1700.0,280.0,5.0,167.0,939915029.0,4.0,293.0,poseidon,insidecontainer,poseidon-worker-1-container-4-7,mDiffFit,/opt/Montage/bin/mDiffFit,,0.0,0,0
mDiffFit_ID0000270,None,compute,0,1669077389.0,,,1669077394.0,1669079094.0,1669079374.0,1669079374.0,1669079379.0,5.0,,1700.0,280.0,5.0,151.0,939961109.0,4.0,289.0,poseidon,insidecontainer,poseidon-worker-1-container-44-47,mDiffFit,/opt/Montage/bin/mDiffFit,,0.0,0,0
mDiffFit_ID0000281,hdd_5,compute,0,1669077389.0,,,1669077395.0,1669079395.0,1669079629.0,1669079629.0,1669079634.0,6.0,,2000.0,234.0,5.0,158.0,940041749.0,5.0,285.0,poseidon,insidecontainer,poseidon-worker-2-container-28-31,mDiffFit,/opt/Montage/bin/mDiffFit,,0.0,0,0
mDiffFit_ID0000232,None,compute,0,1669077389.0,,,1669077394.0,1669078929.0,1669079319.0,1669079319.0,1669079324.0,5.0,,1535.0,390.0,5.0,247.0,939915029.0,4.0,287.0,poseidon,insidecontainer,poseidon-worker-2-container-36-39,mDiffFit,/opt/Montage/bin/mDiffFit,,0.0,0,0
mDiffFit_ID0000233,None,compute,0,1669077389.0,,,1669077394.0,1669079317.0,1669079624.0,1669079624.0,1669079629.0,5.0,,1923.0,307.0,5.0,229.0,939995669.0,4.0,50.0,poseidon,insidecontainer,poseidon-worker-2-container-36-39,mDiffFit,/opt/Montage/bin/mDiffFit,,0.0,0,0
mDiffFit_ID0000220,hdd_5,compute,0,1669077389.0,,,1669077394.0,1669079094.0,1669079544.0,1669079544.0,1669079549.0,5.0,,1700.0,450.0,5.0,238.0,940122389.0,4.0,50.0,poseidon,insidecontainer,poseidon-worker-1-container-24-27,mDiffFit,/opt/Montage/bin/mDiffFit,,0.0,0,0
mDiffFit_ID0000266,None,compute,0,1669077389.0,,,1669077394.0,1669079094.0,1669079374.0,1669079374.0,1669079379.0,5.0,,1700.0,280.0,5.0,167.0,939961109.0,4.0,291.0,poseidon,insidecontainer,poseidon-worker-1-container-32-35,mDiffFit,/opt/Montage/bin/mDiffFit,,0.0,0,0
mDiffFit_ID0000237,hdd_5,compute,0,1669077389.0,,,1669077394.0,1669078973.0,1669079319.0,1669079319.0,1669079324.0,5.0,,1579.0,346.0,5.0,240.0,940035989.0,4.0,50.0,poseidon,insidecontainer,poseidon-worker-2-container-24-27,mDiffFit,/opt/Montage/bin/mDiffFit,,0.0,0,0
mDiffFit_ID0000250,None,compute,0,1669077389.0,,,1669077394.0,1669079094.0,1669079359.0,1669079359.0,1669079364.0,5.0,,1700.0,265.0,5.0,170.0,940001429.0,4.0,50.0,poseidon,insidecontainer,poseidon-worker-1-container-16-19,mDiffFit,/opt/Montage/bin/mDiffFit,,0.0,0,0
mDiffFit_ID0000195,hdd_5,compute,0,1669077389.0,,,1669077394.0,1669079094.0,1669079539.0,1669079539.0,1669079544.0,5.0,,1700.0,445.0,5.0,168.0,939961109.0,4.0,50.0,poseidon,insidecontainer,poseidon-worker-1-container-36-39,mDiffFit,/opt/Montage/bin/mDiffFit,,0.0,0,0
mDiffFit_ID0000241,hdd_5,compute,0,1669077389.0,,,1669077394.0,1669079094.0,1669079374.0,1669079374.0,1669079379.0,5.0,,1700.0,280.0,5.0,169.0,939915029.0,4.0,287.0,poseidon,insidecontainer,poseidon-worker-1-container-20-23,mDiffFit,/opt/Montage/bin/mDiffFit,,0.0,0,0
mDiffFit_ID0000019,hdd_5,compute,0,1669077550.0,,,1669077555.0,1669079625.0,1669080189.0,1669080189.0,1669080194.0,5.0,,2070.0,564.0,5.0,328.0,942668309.0,4.0,50.0,poseidon,insidecontainer,poseidon-worker-2-container-20-23,mDiffFit,/opt/Montage/bin/mDiffFit,,0.0,0,0
mDiffFit_ID0000017,hdd_5,compute,0,1669077550.0,,,1669077555.0,1669079625.0,1669079964.0,1669079964.0,1669079969.0,5.0,,2070.0,339.0,5.0,206.0,942587669.0,5.0,293.0,poseidon,insidecontainer,poseidon-worker-2-container-4-7,mDiffFit,/opt/Montage/bin/mDiffFit,,0.0,0,0
mDiffFit_ID0000021,hdd_5,compute,0,1669077550.0,,,1669077555.0,1669079625.0,1669080189.0,1669080189.0,1669080194.0,5.0,,2070.0,564.0,5.0,329.0,942587669.0,4.0,285.0,poseidon,insidecontainer,poseidon-worker-2-container-24-27,mDiffFit,/opt/Montage/bin/mDiffFit,,0.0,0,0
mDiffFit_ID0000022,hdd_5,compute,0,1669077550.0,,,1669077555.0,1669079624.0,1669079964.0,1669079964.0,1669079969.0,5.0,,2069.0,340.0,5.0,212.0,942627989.0,4.0,50.0,poseidon,insidecontainer,poseidon-worker-2-container-12-15,mDiffFit,/opt/Montage/bin/mDiffFit,,0.0,0,0
mDiffFit_ID0000023,hdd_5,compute,0,1669077550.0,,,1669077555.0,1669079691.0,1669079939.0,1669079939.0,1669079944.0,5.0,,2136.0,248.0,5.0,28.0,942627989.0,4.0,50.0,poseidon,insidecontainer,poseidon-worker-1-container-24-27,mDiffFit,/opt/Montage/bin/mDiffFit,,0.0,0,0
mDiffFit_ID0000024,hdd_5,compute,0,1669077550.0,,,1669077555.0,1669079691.0,1669079939.0,1669079939.0,1669079944.0,5.0,,2136.0,248.0,5.0,29.0,942547349.0,4.0,50.0,poseidon,insidecontainer,poseidon-worker-1-container-36-39,mDiffFit,/opt/Montage/bin/mDiffFit,,0.0,0,0
mDiffFit_ID0000018,hdd_5,compute,0,1669077550.0,,,1669077555.0,1669079625.0,1669080189.0,1669080189.0,1669080194.0,5.0,,2070.0,564.0,5.0,325.0,942627989.0,4.0,50.0,poseidon,insidecontainer,poseidon-worker-2-container-32-35,mDiffFit,/opt/Montage/bin/mDiffFit,,0.0,0,0
mDiffFit_ID0000052,None,compute,0,1669077745.0,,,1669077750.0,1669080188.0,1669080585.0,1669080585.0,1669080590.0,5.0,,2438.0,397.0,5.0,325.0,942587669.0,4.0,50.0,poseidon,insidecontainer,poseidon-worker-2-container-44-47,mDiffFit,/opt/Montage/bin/mDiffFit,,0.0,0,0
mDiffFit_ID0000094,hdd_5,compute,0,1669077745.0,,,1669077750.0,1669080188.0,1669080846.0,1669080846.0,1669080851.0,5.0,,2438.0,658.0,5.0,188.0,942587669.0,5.0,282.0,poseidon,insidecontainer,poseidon-worker-2-container-8-11,mDiffFit,/opt/Montage/bin/mDiffFit,,0.0,0,0
mDiffFit_ID0000116,hdd_5,compute,0,1669077745.0,,,1669077750.0,1669080332.0,1669080595.0,1669080595.0,1669080600.0,5.0,,2582.0,263.0,5.0,182.0,942547349.0,5.0,289.0,poseidon,insidecontainer,poseidon-worker-2-container-32-35,mDiffFit,/opt/Montage/bin/mDiffFit,,0.0,0,0
mDiffFit_ID0000103,hdd_5,compute,0,1669077745.0,,,1669077750.0,1669079849.0,1669080455.0,1669080455.0,1669080460.0,5.0,,2099.0,606.0,5.0,441.0,942627989.0,,,poseidon,insidecontainer,poseidon-worker-1-container-40-43,mDiffFit,/opt/Montage/bin/mDiffFit,,0.0,0,0
mDiffFit_ID0000026,hdd_5,compute,0,1669077745.0,,,1669077750.0,1669079849.0,1669080455.0,1669080455.0,1669080460.0,5.0,,2099.0,606.0,5.0,367.0,942587669.0,,,poseidon,insidecontainer,poseidon-worker-1-container-12-15,mDiffFit,/opt/Montage/bin/mDiffFit,,0.0,0,0
mDiffFit_ID0000076,hdd_5,compute,0,1669077745.0,,,1669077750.0,1669079939.0,1669080465.0,1669080465.0,1669080470.0,5.0,,2189.0,526.0,5.0,363.0,942587669.0,4.0,50.0,poseidon,insidecontainer,poseidon-worker-1-container-36-39,mDiffFit,/opt/Montage/bin/mDiffFit,,0.0,0,0
mDiffFit_ID0000065,None,compute,0,1669077745.0,,,1669077750.0,1669079849.0,1669080455.0,1669080455.0,1669080460.0,5.0,,2099.0,606.0,5.0,307.0,942668309.0,,,poseidon,insidecontainer,poseidon-worker-1-container-16-19,mDiffFit,/opt/Montage/bin/mDiffFit,,0.0,0,0
mDiffFit_ID0000053,hdd_5,compute,0,1669077745.0,,,1669077750.0,1669079939.0,1669080465.0,1669080465.0,1669080470.0,5.0,,2189.0,526.0,5.0,301.0,942627989.0,4.0,50.0,poseidon,insidecontainer,poseidon-worker-1-container-24-27,mDiffFit,/opt/Montage/bin/mDiffFit,,0.0,0,0
mDiffFit_ID0000086,hdd_5,compute,0,1669077745.0,,,1669077750.0,1669079939.0,1669080465.0,1669080465.0,1669080470.0,5.0,,2189.0,526.0,5.0,302.0,942587669.0,4.0,283.0,poseidon,insidecontainer,poseidon-worker-1-container-28-31,mDiffFit,/opt/Montage/bin/mDiffFit,,0.0,0,0
mDiffFit_ID0000040,None,compute,0,1669077745.0,,,1669077750.0,1669080154.0,1669080620.0,1669080620.0,1669080625.0,5.0,,2404.0,466.0,5.0,295.0,942587669.0,4.0,50.0,poseidon,insidecontainer,poseidon-worker-1-container-32-35,mDiffFit,/opt/Montage/bin/mDiffFit,,0.0,0,0
mDiffFit_ID0000095,hdd_5,compute,0,1669077745.0,,,1669077750.0,1669080154.0,1669080630.0,1669080630.0,1669080635.0,5.0,,2404.0,476.0,5.0,300.0,942627989.0,4.0,286.0,poseidon,insidecontainer,poseidon-worker-1-container-20-23,mDiffFit,/opt/Montage/bin/mDiffFit,,0.0,0,0
mDiffFit_ID0000110,None,compute,0,1669077745.0,,,1669077750.0,1669079849.0,1669080455.0,1669080455.0,1669080460.0,5.0,,2099.0,606.0,5.0,442.0,942547349.0,,,poseidon,insidecontainer,poseidon-worker-1-container-8-11,mDiffFit,/opt/Montage/bin/mDiffFit,,0.0,0,0
mDiffFit_ID0000085,hdd_5,compute,0,1669077745.0,,,1669077750.0,1669080188.0,1669080846.0,1669080846.0,1669080851.0,5.0,,2438.0,658.0,5.0,169.0,942547349.0,5.0,291.0,poseidon,insidecontainer,poseidon-worker-2-container-40-43,mDiffFit,/opt/Montage/bin/mDiffFit,,0.0,0,0
mDiffFit_ID0000072,None,compute,0,1669077745.0,,,1669077750.0,1669079849.0,1669080455.0,1669080455.0,1669080460.0,5.0,,2099.0,606.0,5.0,444.0,942627989.0,,,poseidon,insidecontainer,poseidon-worker-1-container-0-3,mDiffFit,/opt/Montage/bin/mDiffFit,,0.0,0,0
mDiffFit_ID0000075,hdd_5,compute,0,1669077745.0,,,1669077750.0,1669080012.0,1669080520.0,1669080520.0,1669080525.0,5.0,,2262.0,508.0,5.0,181.0,942547349.0,4.0,287.0,poseidon,insidecontainer,poseidon-worker-2-container-4-7,mDiffFit,/opt/Montage/bin/mDiffFit,,0.0,0,0
mDiffFit_ID0000064,None,compute,0,1669077745.0,,,1669077750.0,1669080188.0,1669080585.0,1669080585.0,1669080590.0,5.0,,2438.0,397.0,5.0,179.0,942627989.0,4.0,50.0,poseidon,insidecontainer,poseidon-worker-2-container-36-39,mDiffFit,/opt/Montage/bin/mDiffFit,,0.0,0,0
mDiffFit_ID0000071,hdd_5,compute,0,1669077745.0,,,1669077750.0,1669079625.0,1669079964.0,1669079964.0,1669079969.0,5.0,,1875.0,339.0,5.0,210.0,942587669.0,5.0,290.0,poseidon,insidecontainer,poseidon-worker-2-container-0-3,mDiffFit,/opt/Montage/bin/mDiffFit,,0.0,0,0
mDiffFit_ID0000059,hdd_5,compute,0,1669077745.0,,,1669077750.0,1669079629.0,1669080189.0,1669080189.0,1669080194.0,5.0,,1879.0,560.0,5.0,347.0,1669950366.0,4.0,50.0,poseidon,insidecontainer,poseidon-worker-2-container-28-31,mDiffFit,/opt/Montage/bin/mDiffFit,,0.0,0,0
mDiffFit_ID0000047,None,compute,0,1669077745.0,,,1669077750.0,1669079629.0,1669079964.0,1669079964.0,1669079969.0,5.0,,1879.0,335.0,5.0,206.0,942627989.0,4.0,50.0,poseidon,insidecontainer,poseidon-worker-2-container-16-19,mDiffFit,/opt/Montage/bin/mDiffFit,,0.0,0,0
mDiffFit_ID0000020,hdd_5,compute,0,1669077745.0,,,1669077750.0,1669079632.0,1669080189.0,1669080189.0,1669080194.0,5.0,,1882.0,557.0,5.0,173.0,942587669.0,4.0,293.0,poseidon,insidecontainer,poseidon-worker-2-container-40-43,mDiffFit,/opt/Montage/bin/mDiffFit,,0.0,0,0
mDiffFit_ID0000034,None,compute,0,1669077745.0,,,1669077750.0,1669079632.0,1669080189.0,1669080189.0,1669080194.0,5.0,,1882.0,557.0,5.0,175.0,942587669.0,4.0,288.0,poseidon,insidecontainer,poseidon-worker-2-container-44-47,mDiffFit,/opt/Montage/bin/mDiffFit,,0.0,0,0
mDiffFit_ID0000073,None,compute,0,1669077745.0,,,1669077750.0,1669079632.0,1669080189.0,1669080189.0,1669080194.0,5.0,,1882.0,557.0,5.0,172.0,942627989.0,4.0,50.0,poseidon,insidecontainer,poseidon-worker-2-container-36-39,mDiffFit,/opt/Montage/bin/mDiffFit,,0.0,0,0
mDiffFit_ID0000109,None,compute,0,1669077745.0,,,1669077750.0,1669080154.0,1669080630.0,1669080630.0,1669080635.0,5.0,,2404.0,476.0,5.0,295.0,942507029.0,4.0,290.0,poseidon,insidecontainer,poseidon-worker-1-container-4-7,mDiffFit,/opt/Montage/bin/mDiffFit,,0.0,0,0
mDiffFit_ID0000039,hdd_5,compute,0,1669077745.0,,,1669077750.0,1669079964.0,1669080189.0,1669080189.0,1669080194.0,5.0,,2214.0,225.0,5.0,27.0,942547349.0,4.0,50.0,poseidon,insidecontainer,poseidon-worker-2-container-0-3,mDiffFit,/opt/Montage/bin/mDiffFit,,0.0,0,0
mDiffFit_ID0000025,None,compute,0,1669077745.0,,,1669077750.0,1669080012.0,1669080525.0,1669080525.0,1669080530.0,5.0,,2262.0,513.0,5.0,186.0,942547349.0,5.0,50.0,poseidon,insidecontainer,poseidon-worker-2-container-16-19,mDiffFit,/opt/Montage/bin/mDiffFit,,0.0,0,0
mDiffFit_ID0000102,hdd_5,compute,0,1669077745.0,,,1669077750.0,1669080012.0,1669080520.0,1669080520.0,1669080525.0,5.0,,2262.0,508.0,5.0,181.0,942587669.0,4.0,50.0,poseidon,insidecontainer,poseidon-worker-2-container-12-15,mDiffFit,/opt/Montage/bin/mDiffFit,,0.0,0,0
mDiffFit_ID0000074,hdd_5,compute,0,1669077745.0,,,1669077750.0,1669079632.0,1669080189.0,1669080189.0,1669080194.0,5.0,,1882.0,557.0,5.0,173.0,942547349.0,4.0,295.0,poseidon,insidecontainer,poseidon-worker-2-container-8-11,mDiffFit,/opt/Montage/bin/mDiffFit,,0.0,0,0
mDiffFit_ID0000077,None,compute,0,1669077750.0,,,1669077755.0,1669080451.0,1669080881.0,1669080881.0,1669080886.0,5.0,,2696.0,430.0,5.0,171.0,942627989.0,5.0,50.0,poseidon,insidecontainer,poseidon-worker-1-container-16-19,mDiffFit,/opt/Montage/bin/mDiffFit,,0.0,0,0
mDiffFit_ID0000096,hdd_5,compute,0,1669077750.0,,,1669077755.0,1669080462.0,1669080901.0,1669080901.0,1669080906.0,5.0,,2707.0,439.0,5.0,95.0,942668309.0,5.0,283.0,poseidon,insidecontainer,poseidon-worker-1-container-36-39,mDiffFit,/opt/Montage/bin/mDiffFit,,0.0,0,0
mDiffFit_ID0000041,hdd_5,compute,0,1669077750.0,,,1669077755.0,1669080462.0,1669080881.0,1669080881.0,1669080886.0,5.0,,2707.0,419.0,5.0,238.0,942627989.0,5.0,50.0,poseidon,insidecontainer,poseidon-worker-1-container-24-27,mDiffFit,/opt/Montage/bin/mDiffFit,,0.0,0,0
mDiffFit_ID0000087,None,compute,0,1669077750.0,,,1669077755.0,1669080451.0,1669080776.0,1669080776.0,1669080781.0,5.0,,2696.0,325.0,5.0,174.0,942627989.0,4.0,50.0,poseidon,insidecontainer,poseidon-worker-1-container-8-11,mDiffFit,/opt/Montage/bin/mDiffFit,,0.0,0,0
mDiffFit_ID0000066,hdd_5,compute,0,1669077750.0,,,1669077755.0,1669080451.0,1669080881.0,1669080881.0,1669080886.0,5.0,,2696.0,430.0,5.0,240.0,942708629.0,5.0,50.0,poseidon,insidecontainer,poseidon-worker-1-container-12-15,mDiffFit,/opt/Montage/bin/mDiffFit,,0.0,0,0
mDiffFit_ID0000054,hdd_5,compute,0,1669077750.0,,,1669077755.0,1669080451.0,1669080881.0,1669080881.0,1669080886.0,5.0,,2696.0,430.0,5.0,241.0,942668309.0,5.0,50.0,poseidon,insidecontainer,poseidon-worker-1-container-40-43,mDiffFit,/opt/Montage/bin/mDiffFit,,0.0,0,0
mDiffFit_ID0000111,hdd_5,compute,0,1669077750.0,,,1669077755.0,1669080332.0,1669080696.0,1669080696.0,1669080701.0,5.0,,2577.0,364.0,5.0,168.0,942587669.0,,,poseidon,insidecontainer,poseidon-worker-2-container-0-3,mDiffFit,/opt/Montage/bin/mDiffFit,,0.0,0,0
mDiffFit_ID0000104,hdd_5,compute,0,1669077750.0,,,1669077755.0,1669080332.0,1669080696.0,1669080696.0,1669080701.0,5.0,,2577.0,364.0,5.0,169.0,942668309.0,,,poseidon,insidecontainer,poseidon-worker-2-container-28-31,mDiffFit,/opt/Montage/bin/mDiffFit,,0.0,0,0
mDiffFit_ID0000027,hdd_5,compute,0,1669077750.0,,,1669077755.0,1669080332.0,1669080846.0,1669080846.0,1669080851.0,5.0,,2577.0,514.0,5.0,182.0,942627989.0,5.0,50.0,poseidon,insidecontainer,poseidon-worker-2-container-24-27,mDiffFit,/opt/Montage/bin/mDiffFit,,0.0,0,0
mDiffFit_ID0000117,hdd_5,compute,0,1669077750.0,,,1669077755.0,1669080332.0,1669080701.0,1669080701.0,1669080706.0,5.0,,2577.0,369.0,5.0,167.0,942587669.0,5.0,50.0,poseidon,insidecontainer,poseidon-worker-2-container-20-23,mDiffFit,/opt/Montage/bin/mDiffFit,,0.0,0,0
mDiffFit_ID0000122,None,compute,0,1669077750.0,,,1669077755.0,1669080451.0,1669080881.0,1669080881.0,1669080886.0,5.0,,2696.0,430.0,5.0,171.0,942627989.0,5.0,276.0,poseidon,insidecontainer,poseidon-worker-1-container-0-3,mDiffFit,/opt/Montage/bin/mDiffFit,,0.0,0,0
mDiffFit_ID0000097,hdd_5,compute,0,1669077755.0,,,1669077760.0,1669080695.0,1669081212.0,1669081212.0,1669081217.0,5.0,,2935.0,517.0,5.0,34.0,942668309.0,4.0,50.0,poseidon,insidecontainer,poseidon-worker-2-container-0-3,mDiffFit,/opt/Montage/bin/mDiffFit,,0.0,0,0
mDiffFit_ID0000042,None,compute,0,1669077755.0,,,1669077760.0,1669080697.0,1669080901.0,1669080901.0,1669080906.0,5.0,,2937.0,204.0,5.0,71.0,942627989.0,5.0,50.0,poseidon,insidecontainer,poseidon-worker-1-container-44-47,mDiffFit,/opt/Montage/bin/mDiffFit,,0.0,0,0
mDiffFit_ID0000055,hdd_5,compute,0,1669077755.0,,,1669077760.0,1669080697.0,1669080936.0,1669080936.0,1669080941.0,5.0,,2937.0,239.0,5.0,176.0,942668309.0,4.0,50.0,poseidon,insidecontainer,poseidon-worker-1-container-20-23,mDiffFit,/opt/Montage/bin/mDiffFit,,0.0,0,0
mDiffFit_ID0000088,None,compute,0,1669077755.0,,,1669077760.0,1669080697.0,1669080881.0,1669080881.0,1669080886.0,5.0,,2937.0,184.0,5.0,72.0,942627989.0,5.0,50.0,poseidon,insidecontainer,poseidon-worker-1-container-4-7,mDiffFit,/opt/Montage/bin/mDiffFit,,0.0,0,0
mDiffFit_ID0000067,None,compute,0,1669077755.0,,,1669077760.0,1669080620.0,1669080881.0,1669080881.0,1669080886.0,5.0,,2860.0,261.0,5.0,95.0,942708629.0,5.0,50.0,poseidon,insidecontainer,poseidon-worker-1-container-32-35,mDiffFit,/opt/Montage/bin/mDiffFit,,0.0,0,0
mDiffFit_ID0000078,hdd_5,compute,0,1669077755.0,,,1669077760.0,1669080593.0,1669081067.0,1669081067.0,1669081072.0,5.0,,2833.0,474.0,5.0,170.0,942627989.0,5.0,50.0,poseidon,insidecontainer,poseidon-worker-2-container-32-35,mDiffFit,/opt/Montage/bin/mDiffFit,,0.0,0,0
mDiffFit_ID0000123,None,compute,0,1669077755.0,,,1669077760.0,1669080583.0,1669081067.0,1669081067.0,1669081072.0,5.0,,2823.0,484.0,5.0,261.0,942627989.0,5.0,50.0,poseidon,insidecontainer,poseidon-worker-2-container-36-39,mDiffFit,/opt/Montage/bin/mDiffFit,,0.0,0,0
mDiffFit_ID0000105,None,compute,0,1669077755.0,,,1669077760.0,1669080524.0,1669080886.0,1669080886.0,1669080891.0,5.0,,2764.0,362.0,5.0,123.0,942668309.0,4.0,50.0,poseidon,insidecontainer,poseidon-worker-2-container-16-19,mDiffFit,/opt/Montage/bin/mDiffFit,,0.0,0,0
mDiffFit_ID0000028,hdd_5,compute,0,1669077755.0,,,1669077760.0,1669080521.0,1669081067.0,1669081067.0,1669081072.0,5.0,,2761.0,546.0,5.0,126.0,942627989.0,5.0,50.0,poseidon,insidecontainer,poseidon-worker-2-container-4-7,mDiffFit,/opt/Montage/bin/mDiffFit,,0.0,0,0
mDiffFit_ID0000127,hdd_5,compute,0,1669077755.0,,,1669077760.0,1669080520.0,1669081067.0,1669081067.0,1669081072.0,5.0,,2760.0,547.0,5.0,174.0,942668309.0,5.0,50.0,poseidon,insidecontainer,poseidon-worker-2-container-12-15,mDiffFit,/opt/Montage/bin/mDiffFit,,0.0,0,0
mDiffFit_ID0000118,hdd_5,compute,0,1669077755.0,,,1669077760.0,1669080462.0,1669080881.0,1669080881.0,1669080886.0,5.0,,2702.0,419.0,5.0,238.0,942587669.0,5.0,289.0,poseidon,insidecontainer,poseidon-worker-1-container-28-31,mDiffFit,/opt/Montage/bin/mDiffFit,,0.0,0,0
mDiffFit_ID0000112,None,compute,0,1669077755.0,,,1669077760.0,1669080583.0,1669081067.0,1669081067.0,1669081072.0,5.0,,2823.0,484.0,5.0,265.0,942587669.0,5.0,294.0,poseidon,insidecontainer,poseidon-worker-2-container-44-47,mDiffFit,/opt/Montage/bin/mDiffFit,,0.0,0,0
mDiffFit_ID0000079,hdd_5,compute,0,1669077886.0,,,1669077891.0,1669080941.0,1669081472.0,1669081472.0,1669081477.0,5.0,,3050.0,531.0,5.0,165.0,942587669.0,4.0,50.0,poseidon,insidecontainer,poseidon-worker-1-container-28-31,mDiffFit,/opt/Montage/bin/mDiffFit,,0.0,0,0
mDiffFit_ID0000098,None,compute,0,1669077886.0,,,1669077891.0,1669080941.0,1669081322.0,1669081322.0,1669081327.0,5.0,,3050.0,381.0,5.0,163.0,942627989.0,4.0,50.0,poseidon,insidecontainer,poseidon-worker-1-container-44-47,mDiffFit,/opt/Montage/bin/mDiffFit,,0.0,0,0
mDiffFit_ID0000131,hdd_5,compute,0,1669077886.0,,,1669077891.0,1669080941.0,1669081332.0,1669081332.0,1669081337.0,5.0,,3050.0,391.0,5.0,311.0,942627989.0,4.0,288.0,poseidon,insidecontainer,poseidon-worker-1-container-40-43,mDiffFit,/opt/Montage/bin/mDiffFit,,0.0,0,0
mDiffFit_ID0000056,hdd_5,compute,0,1669077886.0,,,1669077891.0,1669080881.0,1669081467.0,1669081467.0,1669081472.0,5.0,,2990.0,586.0,5.0,326.0,942627989.0,4.0,50.0,poseidon,insidecontainer,poseidon-worker-2-container-40-43,mDiffFit,/opt/Montage/bin/mDiffFit,,0.0,0,0
mDiffFit_ID0000089,hdd_5,compute,0,1669077886.0,,,1669077891.0,1669080881.0,1669081467.0,1669081467.0,1669081472.0,5.0,,2990.0,586.0,5.0,420.0,942587669.0,4.0,50.0,poseidon,insidecontainer,poseidon-worker-2-container-20-23,mDiffFit,/opt/Montage/bin/mDiffFit,,0.0,0,0
mDiffFit_ID0000068,hdd_5,compute,0,1669077886.0,,,1669077891.0,1669080933.0,1669081262.0,1669081262.0,1669081267.0,5.0,,3042.0,329.0,5.0,170.0,942668309.0,4.0,50.0,poseidon,insidecontainer,poseidon-worker-1-container-20-23,mDiffFit,/opt/Montage/bin/mDiffFit,,0.0,0,0
mDiffFit_ID0000043,hdd_5,compute,0,1669077886.0,,,1669077891.0,1669080881.0,1669081467.0,1669081467.0,1669081472.0,5.0,,2990.0,586.0,5.0,322.0,942587669.0,4.0,50.0,poseidon,insidecontainer,poseidon-worker-2-container-8-11,mDiffFit,/opt/Montage/bin/mDiffFit,,0.0,0,0
mDiffFit_ID0000124,hdd_5,compute,0,1669077886.0,,,1669077891.0,1669080921.0,1669081257.0,1669081257.0,1669081262.0,5.0,,3030.0,336.0,5.0,173.0,942587669.0,4.0,284.0,poseidon,insidecontainer,poseidon-worker-1-container-24-27,mDiffFit,/opt/Montage/bin/mDiffFit,,0.0,0,0
mDiffFit_ID0000029,None,compute,0,1669077886.0,,,1669077891.0,1669080921.0,1669081257.0,1669081257.0,1669081262.0,5.0,,3030.0,336.0,5.0,175.0,942587669.0,,,poseidon,insidecontainer,poseidon-worker-1-container-0-3,mDiffFit,/opt/Montage/bin/mDiffFit,,0.0,0,0
mDiffFit_ID0000106,None,compute,0,1669077886.0,,,1669077891.0,1669080921.0,1669081257.0,1669081257.0,1669081262.0,5.0,,3030.0,336.0,5.0,171.0,942627989.0,4.0,50.0,poseidon,insidecontainer,poseidon-worker-1-container-16-19,mDiffFit,/opt/Montage/bin/mDiffFit,,0.0,0,0
mDiffFit_ID0000128,None,compute,0,1669077886.0,,,1669077891.0,1669080774.0,1669080936.0,1669080936.0,1669080941.0,5.0,,2883.0,162.0,5.0,100.0,942627989.0,4.0,50.0,poseidon,insidecontainer,poseidon-worker-1-container-8-11,mDiffFit,/opt/Montage/bin/mDiffFit,,0.0,0,0
mDiffFit_ID0000119,hdd_5,compute,0,1669077886.0,,,1669077891.0,1669080845.0,1669081207.0,1669081207.0,1669081212.0,5.0,,2954.0,362.0,5.0,33.0,942547349.0,,,poseidon,insidecontainer,poseidon-worker-2-container-24-27,mDiffFit,/opt/Montage/bin/mDiffFit,,0.0,0,0
mDiffFit_ID0000113,None,compute,0,1669077886.0,,,1669077891.0,1669080933.0,1669081262.0,1669081262.0,1669081267.0,5.0,,3042.0,329.0,5.0,172.0,942547349.0,4.0,286.0,poseidon,insidecontainer,poseidon-worker-1-container-8-11,mDiffFit,/opt/Montage/bin/mDiffFit,,0.0,0,0
mConcatFit_ID0000294,None,compute,0,1669079944.0,,,1669079949.0,1669080154.0,1669080630.0,1669080630.0,1669080635.0,5.0,,205.0,476.0,5.0,166.0,729843359.0,4.0,8945.0,poseidon,insidecontainer,poseidon-worker-1-container-44-47,mConcatFit,/opt/Montage/bin/mConcatFit,,0.3,0,0
mBgModel_ID0000295,hdd_5,compute,0,1669080635.0,,,1669080640.0,1669080695.0,1669081072.0,1669081072.0,1669081077.0,5.0,,55.0,377.0,5.0,29.0,729828635.0,5.0,936.0,poseidon,insidecontainer,poseidon-worker-2-container-28-31,mBgModel,/opt/Montage/bin/mBgModel,,1.8,0,0
mBackground_ID0000310,None,compute,0,1669081077.0,,,1669081082.0,1669081205.0,1669081683.0,1669081683.0,1669081688.0,5.0,,123.0,478.0,5.0,256.0,835011590.0,7.0,105194880.0,poseidon,insidecontainer,poseidon-worker-2-container-44-47,mBackground,/opt/Montage/bin/mBackground,,0.4,0,0
mBackground_ID0000299,None,compute,0,1669081077.0,,,1669081082.0,1669081205.0,1669081482.0,1669081482.0,1669081487.0,5.0,,123.0,277.0,5.0,112.0,835051910.0,6.0,105235200.0,poseidon,insidecontainer,poseidon-worker-2-container-36-39,mBackground,/opt/Montage/bin/mBackground,,0.4,0,0
mBackground_ID0000298,hdd_5,compute,0,1669081077.0,,,1669081082.0,1669081206.0,1669081718.0,1669081718.0,1669081723.0,5.0,,124.0,512.0,5.0,160.0,834890630.0,9.0,105073920.0,poseidon,insidecontainer,poseidon-worker-2-container-24-27,mBackground,/opt/Montage/bin/mBackground,,0.4,0,0
mBackground_ID0000297,None,compute,0,1669081077.0,,,1669081082.0,1669081320.0,1669081643.0,1669081643.0,1669081648.0,5.0,,238.0,323.0,5.0,159.0,834890630.0,6.0,105073920.0,poseidon,insidecontainer,poseidon-worker-1-container-44-47,mBackground,/opt/Montage/bin/mBackground,,0.4,0,0
mBackground_ID0000296,None,compute,0,1669081077.0,,,1669081082.0,1669081263.0,1669081633.0,1669081633.0,1669081638.0,5.0,,181.0,370.0,5.0,202.0,834930950.0,7.0,105114240.0,poseidon,insidecontainer,poseidon-worker-1-container-0-3,mBackground,/opt/Montage/bin/mBackground,,0.4,0,0
mBackground_ID0000301,None,compute,0,1669081077.0,,,1669081082.0,1669081263.0,1669081633.0,1669081633.0,1669081638.0,5.0,,181.0,370.0,5.0,161.0,834844550.0,7.0,105027840.0,poseidon,insidecontainer,poseidon-worker-1-container-16-19,mBackground,/opt/Montage/bin/mBackground,,0.4,0,0
mBackground_ID0000302,None,compute,0,1669081077.0,,,1669081082.0,1669081263.0,1669081633.0,1669081633.0,1669081638.0,5.0,,181.0,370.0,5.0,201.0,834930950.0,7.0,105114240.0,poseidon,insidecontainer,poseidon-worker-1-container-8-11,mBackground,/opt/Montage/bin/mBackground,,0.4,0,0
mBackground_ID0000311,hdd_5,compute,0,1669081077.0,,,1669081082.0,1669081263.0,1669081633.0,1669081633.0,1669081638.0,5.0,,181.0,370.0,5.0,161.0,834971270.0,7.0,105154560.0,poseidon,insidecontainer,poseidon-worker-1-container-24-27,mBackground,/opt/Montage/bin/mBackground,,0.4,0,0
mBackground_ID0000300,hdd_5,compute,0,1669081077.0,,,1669081082.0,1669081457.0,1669081683.0,1669081683.0,1669081688.0,5.0,,375.0,226.0,5.0,28.0,834844550.0,7.0,105027840.0,poseidon,insidecontainer,poseidon-worker-2-container-0-3,mBackground,/opt/Montage/bin/mBackground,,0.4,0,0
mBackground_ID0000307,hdd_5,compute,0,1669081077.0,,,1669081082.0,1669081329.0,1669081848.0,1669081848.0,1669081853.0,5.0,,247.0,519.0,5.0,300.0,835011590.0,26.0,105194880.0,poseidon,insidecontainer,poseidon-worker-1-container-40-43,mBackground,/opt/Montage/bin/mBackground,,0.5,0,0
mBackground_ID0000308,None,compute,0,1669081077.0,,,1669081082.0,1669081482.0,1669081928.0,1669081928.0,1669081933.0,5.0,,400.0,446.0,5.0,193.0,834930950.0,7.0,105114240.0,poseidon,insidecontainer,poseidon-worker-2-container-36-39,mBackground,/opt/Montage/bin/mBackground,,0.4,0,0
mBackground_ID0000309,hdd_5,compute,0,1669081077.0,,,1669081082.0,1669081469.0,1669081848.0,1669081848.0,1669081853.0,5.0,,387.0,379.0,5.0,156.0,834890630.0,21.0,105073920.0,poseidon,insidecontainer,poseidon-worker-1-container-28-31,mBackground,/opt/Montage/bin/mBackground,,0.4,0,0
mBackground_ID0000304,hdd_5,compute,0,1669081077.0,,,1669081082.0,1669081467.0,1669081928.0,1669081928.0,1669081933.0,5.0,,385.0,461.0,5.0,232.0,834890630.0,7.0,105073920.0,poseidon,insidecontainer,poseidon-worker-2-container-8-11,mBackground,/opt/Montage/bin/mBackground,,0.4,0,0
mBackground_ID0000303,hdd_5,compute,0,1669081077.0,,,1669081082.0,1669081263.0,1669081633.0,1669081633.0,1669081638.0,5.0,,181.0,370.0,5.0,161.0,834971270.0,8.0,105154560.0,poseidon,insidecontainer,poseidon-worker-1-container-20-23,mBackground,/opt/Montage/bin/mBackground,,0.4,0,0
mBackground_ID0000305,hdd_5,compute,0,1669081077.0,,,1669081082.0,1669081467.0,1669081928.0,1669081928.0,1669081933.0,5.0,,385.0,461.0,5.0,203.0,834890630.0,7.0,105073920.0,poseidon,insidecontainer,poseidon-worker-2-container-20-23,mBackground,/opt/Montage/bin/mBackground,,0.4,0,0
mBackground_ID0000306,hdd_5,compute,0,1669081077.0,,,1669081082.0,1669081467.0,1669081928.0,1669081928.0,1669081933.0,5.0,,385.0,461.0,5.0,201.0,834971270.0,7.0,105154560.0,poseidon,insidecontainer,poseidon-worker-2-container-40-43,mBackground,/opt/Montage/bin/mBackground,,0.4,0,0
mDiffFit_ID0000129,hdd_5,compute,0,1669081477.0,,,1669081482.0,1669081628.0,1669082068.0,1669082068.0,1669082073.0,5.0,,146.0,440.0,5.0,182.0,942668309.0,4.0,270.0,poseidon,insidecontainer,poseidon-worker-1-container-36-39,mDiffFit,/opt/Montage/bin/mDiffFit,,0.0,0,0
mDiffFit_ID0000030,hdd_5,compute,0,1669081477.0,,,1669081482.0,1669081719.0,1669082153.0,1669082153.0,1669082158.0,5.0,,237.0,434.0,5.0,198.0,942627989.0,,,poseidon,insidecontainer,poseidon-worker-2-container-24-27,mDiffFit,/opt/Montage/bin/mDiffFit,,0.0,0,0
mDiffFit_ID0000120,hdd_5,compute,0,1669081477.0,,,1669081482.0,1669081680.0,1669081988.0,1669081988.0,1669081993.0,5.0,,198.0,308.0,5.0,61.0,942587669.0,4.0,287.0,poseidon,insidecontainer,poseidon-worker-2-container-0-3,mDiffFit,/opt/Montage/bin/mDiffFit,,0.0,0,0
mDiffFit_ID0000132,None,compute,0,1669081477.0,,,1669081482.0,1669081680.0,1669081983.0,1669081983.0,1669081988.0,5.0,,198.0,303.0,5.0,30.0,942668309.0,50.0,50.0,poseidon,insidecontainer,poseidon-worker-2-container-44-47,mDiffFit,/opt/Montage/bin/mDiffFit,,0.0,0,0
mDiffFit_ID0000044,None,compute,0,1669081477.0,,,1669081482.0,1669081641.0,1669082068.0,1669082068.0,1669082073.0,5.0,,159.0,427.0,5.0,212.0,942627989.0,4.0,50.0,poseidon,insidecontainer,poseidon-worker-1-container-44-47,mDiffFit,/opt/Montage/bin/mDiffFit,,0.0,0,0
mDiffFit_ID0000099,hdd_5,compute,0,1669081477.0,,,1669081482.0,1669081630.0,1669082068.0,1669082068.0,1669082073.0,5.0,,148.0,438.0,5.0,179.0,942668309.0,4.0,50.0,poseidon,insidecontainer,poseidon-worker-1-container-20-23,mDiffFit,/opt/Montage/bin/mDiffFit,,0.0,0,0
mDiffFit_ID0000134,None,compute,0,1669081477.0,,,1669081482.0,1669081629.0,1669082068.0,1669082068.0,1669082073.0,5.0,,147.0,439.0,5.0,181.0,942627989.0,4.0,285.0,poseidon,insidecontainer,poseidon-worker-1-container-16-19,mDiffFit,/opt/Montage/bin/mDiffFit,,0.0,0,0
mDiffFit_ID0000057,None,compute,0,1669081477.0,,,1669081482.0,1669081629.0,1669082068.0,1669082068.0,1669082073.0,5.0,,147.0,439.0,5.0,180.0,942668309.0,4.0,50.0,poseidon,insidecontainer,poseidon-worker-1-container-0-3,mDiffFit,/opt/Montage/bin/mDiffFit,,0.0,0,0
mDiffFit_ID0000069,None,compute,0,1669081477.0,,,1669081482.0,1669081629.0,1669082068.0,1669082068.0,1669082073.0,5.0,,147.0,439.0,5.0,182.0,942708629.0,4.0,50.0,poseidon,insidecontainer,poseidon-worker-1-container-8-11,mDiffFit,/opt/Montage/bin/mDiffFit,,0.0,0,0
mDiffFit_ID0000114,hdd_5,compute,0,1669081477.0,,,1669081482.0,1669081629.0,1669082068.0,1669082068.0,1669082073.0,5.0,,147.0,439.0,5.0,183.0,942587669.0,4.0,50.0,poseidon,insidecontainer,poseidon-worker-1-container-24-27,mDiffFit,/opt/Montage/bin/mDiffFit,,0.0,0,0
mDiffFit_ID0000125,None,compute,0,1669081477.0,,,1669081482.0,1669081629.0,1669082068.0,1669082068.0,1669082073.0,5.0,,147.0,439.0,5.0,213.0,942627989.0,4.0,277.0,poseidon,insidecontainer,poseidon-worker-1-container-4-7,mDiffFit,/opt/Montage/bin/mDiffFit,,0.0,0,0
mDiffFit_ID0000107,None,compute,0,1669081477.0,,,1669081482.0,1669081629.0,1669081898.0,1669081898.0,1669081903.0,5.0,,147.0,269.0,5.0,182.0,942668309.0,5.0,50.0,poseidon,insidecontainer,poseidon-worker-1-container-32-35,mDiffFit,/opt/Montage/bin/mDiffFit,,0.0,0,0
mDiffFit_ID0000090,hdd_5,compute,0,1669081477.0,,,1669081482.0,1669081628.0,1669081898.0,1669081898.0,1669081903.0,5.0,,146.0,270.0,5.0,181.0,942627989.0,5.0,50.0,poseidon,insidecontainer,poseidon-worker-1-container-12-15,mDiffFit,/opt/Montage/bin/mDiffFit,,0.0,0,0
mDiffFit_ID0000080,None,compute,0,1669081477.0,,,1669081482.0,1669081483.0,1669081923.0,1669081923.0,1669081928.0,5.0,,1.0,440.0,5.0,228.0,942627989.0,4.0,50.0,poseidon,insidecontainer,poseidon-worker-2-container-16-19,mDiffFit,/opt/Montage/bin/mDiffFit,,0.0,0,0
mDiffFit_ID0000108,None,compute,0,1669081633.0,,,1669081638.0,1669081896.0,1669082098.0,1669082098.0,1669082103.0,5.0,,258.0,202.0,5.0,163.0,942708629.0,25.0,50.0,poseidon,insidecontainer,poseidon-worker-1-container-32-35,mDiffFit,/opt/Montage/bin/mDiffFit,,0.0,0,0
mDiffFit_ID0000081,hdd_5,compute,0,1669081633.0,,,1669081638.0,1669081846.0,1669082093.0,1669082093.0,1669082098.0,5.0,,208.0,247.0,5.0,28.0,942668309.0,4.0,50.0,poseidon,insidecontainer,poseidon-worker-1-container-40-43,mDiffFit,/opt/Montage/bin/mDiffFit,,0.0,0,0
mDiffFit_ID0000115,hdd_5,compute,0,1669081633.0,,,1669081638.0,1669081896.0,1669082278.0,1669082278.0,1669082283.0,5.0,,258.0,382.0,5.0,166.0,942627989.0,,,poseidon,insidecontainer,poseidon-worker-1-container-12-15,mDiffFit,/opt/Montage/bin/mDiffFit,,0.0,0,0
mDiffFit_ID0000133,hdd_5,compute,0,1669081633.0,,,1669081638.0,1669081926.0,1669082423.0,1669082423.0,1669082428.0,5.0,,288.0,497.0,5.0,179.0,942708629.0,4.0,50.0,poseidon,insidecontainer,poseidon-worker-2-container-20-23,mDiffFit,/opt/Montage/bin/mDiffFit,,0.0,0,0
mDiffFit_ID0000126,None,compute,0,1669081633.0,,,1669081638.0,1669081923.0,1669082233.0,1669082233.0,1669082238.0,5.0,,285.0,310.0,5.0,223.0,942668309.0,4.0,271.0,poseidon,insidecontainer,poseidon-worker-2-container-16-19,mDiffFit,/opt/Montage/bin/mDiffFit,,0.0,0,0
mDiffFit_ID0000136,None,compute,0,1669081633.0,,,1669081638.0,1669081925.0,1669082233.0,1669082233.0,1669082238.0,5.0,,287.0,308.0,5.0,221.0,942708629.0,4.0,270.0,poseidon,insidecontainer,poseidon-worker-2-container-36-39,mDiffFit,/opt/Montage/bin/mDiffFit,,0.0,0,0
mDiffFit_ID0000135,hdd_5,compute,0,1669081633.0,,,1669081638.0,1669081926.0,1669082418.0,1669082418.0,1669082423.0,5.0,,288.0,492.0,5.0,176.0,942668309.0,4.0,50.0,poseidon,insidecontainer,poseidon-worker-2-container-8-11,mDiffFit,/opt/Montage/bin/mDiffFit,,0.0,0,0
mDiffFit_ID0000058,hdd_5,compute,0,1669081633.0,,,1669081638.0,1669081926.0,1669082423.0,1669082423.0,1669082428.0,5.0,,288.0,497.0,5.0,180.0,942708629.0,4.0,50.0,poseidon,insidecontainer,poseidon-worker-2-container-40-43,mDiffFit,/opt/Montage/bin/mDiffFit,,0.0,0,0
mDiffFit_ID0000091,hdd_5,compute,0,1669081633.0,,,1669081638.0,1669081846.0,1669082093.0,1669082093.0,1669082098.0,5.0,,208.0,247.0,5.0,30.0,942668309.0,4.0,50.0,poseidon,insidecontainer,poseidon-worker-1-container-28-31,mDiffFit,/opt/Montage/bin/mDiffFit,,0.0,0,0
mDiffFit_ID0000100,hdd_5,compute,0,1669081633.0,,,1669081638.0,1669081976.0,1669082423.0,1669082423.0,1669082428.0,5.0,,338.0,447.0,5.0,176.0,942708629.0,4.0,50.0,poseidon,insidecontainer,poseidon-worker-2-container-12-15,mDiffFit,/opt/Montage/bin/mDiffFit,,0.0,0,0
mDiffFit_ID0000070,hdd_5,compute,0,1669081633.0,,,1669081638.0,1669081739.0,1669082153.0,1669082153.0,1669082158.0,5.0,,101.0,414.0,5.0,186.0,942748949.0,4.0,50.0,poseidon,insidecontainer,poseidon-worker-2-container-28-31,mDiffFit,/opt/Montage/bin/mDiffFit,,0.0,0,0
mDiffFit_ID0000121,None,compute,0,1669081633.0,,,1669081638.0,1669081981.0,1669082423.0,1669082423.0,1669082428.0,5.0,,343.0,442.0,5.0,240.0,942627989.0,4.0,50.0,poseidon,insidecontainer,poseidon-worker-2-container-44-47,mDiffFit,/opt/Montage/bin/mDiffFit,,0.0,0,0
mDiffFit_ID0000031,hdd_5,compute,0,1669081633.0,,,1669081638.0,1669081986.0,1669082423.0,1669082423.0,1669082428.0,5.0,,348.0,437.0,5.0,233.0,942668309.0,4.0,50.0,poseidon,insidecontainer,poseidon-worker-2-container-0-3,mDiffFit,/opt/Montage/bin/mDiffFit,,0.0,0,0
mDiffFit_ID0000130,None,compute,0,1669081633.0,,,1669081638.0,1669082064.0,1669082448.0,1669082448.0,1669082453.0,5.0,,426.0,384.0,5.0,212.0,942708629.0,4.0,272.0,poseidon,insidecontainer,poseidon-worker-1-container-4-7,mDiffFit,/opt/Montage/bin/mDiffFit,,0.0,0,0
mDiffFit_ID0000045,hdd_5,compute,0,1669081633.0,,,1669081638.0,1669081976.0,1669082423.0,1669082423.0,1669082428.0,5.0,,338.0,447.0,5.0,176.0,942668309.0,4.0,50.0,poseidon,insidecontainer,poseidon-worker-2-container-4-7,mDiffFit,/opt/Montage/bin/mDiffFit,,0.0,0,0
mDiffFit_ID0000331,None,compute,0,1669081638.0,,,1669081643.0,1669082064.0,1669082448.0,1669082448.0,1669082453.0,5.0,,421.0,384.0,5.0,213.0,941971349.0,4.0,297.0,poseidon,insidecontainer,poseidon-worker-1-container-8-11,mDiffFit,/opt/Montage/bin/mDiffFit,,0.0,0,0
mDiffFit_ID0000346,hdd_5,compute,0,1669081638.0,,,1669081643.0,1669082064.0,1669082448.0,1669082448.0,1669082453.0,5.0,,421.0,384.0,5.0,216.0,942011669.0,4.0,293.0,poseidon,insidecontainer,poseidon-worker-1-container-20-23,mDiffFit,/opt/Montage/bin/mDiffFit,,0.0,0,0
mDiffFit_ID0000332,None,compute,0,1669081638.0,,,1669081643.0,1669082064.0,1669082448.0,1669082448.0,1669082453.0,5.0,,421.0,384.0,5.0,213.0,941971349.0,4.0,50.0,poseidon,insidecontainer,poseidon-worker-1-container-44-47,mDiffFit,/opt/Montage/bin/mDiffFit,,0.0,0,0
mDiffFit_ID0000368,hdd_5,compute,0,1669081733.0,,,1669081738.0,1669082064.0,1669082448.0,1669082448.0,1669082453.0,5.0,,326.0,384.0,5.0,190.0,942051989.0,4.0,50.0,poseidon,insidecontainer,poseidon-worker-1-container-36-39,mDiffFit,/opt/Montage/bin/mDiffFit,,0.0,0,0
mDiffFit_ID0000355,None,compute,0,1669081733.0,,,1669081738.0,1669082064.0,1669082448.0,1669082448.0,1669082453.0,5.0,,326.0,384.0,5.0,210.0,942051989.0,4.0,50.0,poseidon,insidecontainer,poseidon-worker-1-container-0-3,mDiffFit,/opt/Montage/bin/mDiffFit,,0.0,0,0
mDiffFit_ID0000341,hdd_5,compute,0,1669081733.0,,,1669081738.0,1669082064.0,1669082448.0,1669082448.0,1669082453.0,5.0,,326.0,384.0,5.0,188.0,942011669.0,4.0,50.0,poseidon,insidecontainer,poseidon-worker-1-container-24-27,mDiffFit,/opt/Montage/bin/mDiffFit,,0.0,0,0
mDiffFit_ID0000436,hdd_5,compute,0,1669081933.0,,,1669081938.0,1669082299.0,1669082523.0,1669082523.0,1669082528.0,5.0,,361.0,224.0,5.0,29.0,942051989.0,4.0,276.0,poseidon,insidecontainer,poseidon-worker-1-container-12-15,mDiffFit,/opt/Montage/bin/mDiffFit,,0.0,0,0
mImgtbl_ID0000312,hdd_5,compute,0,1669081933.0,,,1669081938.0,1669081976.0,1669082423.0,1669082423.0,1669082428.0,5.0,,38.0,447.0,5.0,252.0,1570744094.0,4.0,7760.0,poseidon,insidecontainer,poseidon-worker-2-container-32-35,mImgtbl,/opt/Montage/bin/mImgtbl,,0.1,0,0
mDiffFit_ID0000333,hdd_5,compute,0,1669081933.0,,,1669081938.0,1669082423.0,1669083008.0,1669083008.0,1669083013.0,5.0,,485.0,585.0,5.0,186.0,942011669.0,5.0,50.0,poseidon,insidecontainer,poseidon-worker-2-container-24-27,mDiffFit,/opt/Montage/bin/mDiffFit,,0.0,0,0
mDiffFit_ID0000360,hdd_5,compute,0,1669081933.0,,,1669081938.0,1669082423.0,1669083008.0,1669083008.0,1669083013.0,5.0,,485.0,585.0,5.0,185.0,942051989.0,5.0,297.0,poseidon,insidecontainer,poseidon-worker-2-container-28-31,mDiffFit,/opt/Montage/bin/mDiffFit,,0.0,0,0
mDiffFit_ID0000348,None,compute,0,1669081933.0,,,1669081938.0,1669082064.0,1669082448.0,1669082448.0,1669082453.0,5.0,,126.0,384.0,5.0,212.0,941971349.0,4.0,288.0,poseidon,insidecontainer,poseidon-worker-1-container-16-19,mDiffFit,/opt/Montage/bin/mDiffFit,,0.0,0,0
mDiffFit_ID0000334,hdd_5,compute,0,1669081933.0,,,1669081938.0,1669082092.0,1669082448.0,1669082448.0,1669082453.0,5.0,,154.0,356.0,5.0,187.0,941931029.0,4.0,296.0,poseidon,insidecontainer,poseidon-worker-1-container-28-31,mDiffFit,/opt/Montage/bin/mDiffFit,,0.0,0,0
mDiffFit_ID0000373,hdd_5,compute,0,1669081933.0,,,1669081938.0,1669082423.0,1669083008.0,1669083008.0,1669083013.0,5.0,,485.0,585.0,5.0,182.0,942011669.0,5.0,50.0,poseidon,insidecontainer,poseidon-worker-2-container-0-3,mDiffFit,/opt/Montage/bin/mDiffFit,,0.0,0,0
mDiffFit_ID0000361,hdd_5,compute,0,1669081933.0,,,1669081938.0,1669082092.0,1669082448.0,1669082448.0,1669082453.0,5.0,,154.0,356.0,5.0,184.0,941971349.0,4.0,50.0,poseidon,insidecontainer,poseidon-worker-1-container-40-43,mDiffFit,/opt/Montage/bin/mDiffFit,,0.0,0,0
mDiffFit_ID0000390,hdd_5,compute,0,1669081933.0,,,1669081938.0,1669082149.0,1669082423.0,1669082423.0,1669082428.0,5.0,,211.0,274.0,5.0,89.0,941971349.0,4.0,50.0,poseidon,insidecontainer,poseidon-worker-2-container-24-27,mDiffFit,/opt/Montage/bin/mDiffFit,,0.0,0,0
mDiffFit_ID0000367,hdd_5,compute,0,1669081933.0,,,1669081938.0,1669082153.0,1669082423.0,1669082423.0,1669082428.0,5.0,,215.0,270.0,5.0,92.0,942011669.0,4.0,50.0,poseidon,insidecontainer,poseidon-worker-2-container-28-31,mDiffFit,/opt/Montage/bin/mDiffFit,,0.0,0,0
mDiffFit_ID0000354,None,compute,0,1669081933.0,,,1669081938.0,1669082231.0,1669082443.0,1669082443.0,1669082448.0,5.0,,293.0,212.0,5.0,178.0,942011669.0,5.0,50.0,poseidon,insidecontainer,poseidon-worker-2-container-16-19,mDiffFit,/opt/Montage/bin/mDiffFit,,0.0,0,0
mDiffFit_ID0000340,None,compute,0,1669081933.0,,,1669081938.0,1669082231.0,1669082443.0,1669082443.0,1669082448.0,5.0,,293.0,212.0,5.0,177.0,941971349.0,4.0,50.0,poseidon,insidecontainer,poseidon-worker-2-container-36-39,mDiffFit,/opt/Montage/bin/mDiffFit,,0.0,0,0
mDiffFit_ID0000380,hdd_5,compute,0,1669081933.0,,,1669081938.0,1669082423.0,1669083008.0,1669083008.0,1669083013.0,5.0,,485.0,585.0,5.0,182.0,942092309.0,5.0,50.0,poseidon,insidecontainer,poseidon-worker-2-container-12-15,mDiffFit,/opt/Montage/bin/mDiffFit,,0.0,0,0
mDiffFit_ID0000391,None,compute,0,1669081933.0,,,1669081938.0,1669082099.0,1669082448.0,1669082448.0,1669082453.0,5.0,,161.0,349.0,5.0,184.0,942011669.0,4.0,50.0,poseidon,insidecontainer,poseidon-worker-1-container-32-35,mDiffFit,/opt/Montage/bin/mDiffFit,,0.0,0,0
mDiffFit_ID0000379,hdd_5,compute,0,1669081933.0,,,1669081938.0,1669082423.0,1669083008.0,1669083008.0,1669083013.0,5.0,,485.0,585.0,5.0,182.0,942051989.0,5.0,50.0,poseidon,insidecontainer,poseidon-worker-2-container-4-7,mDiffFit,/opt/Montage/bin/mDiffFit,,0.0,0,0
mDiffFit_ID0000347,hdd_5,compute,0,1669081933.0,,,1669081938.0,1669082419.0,1669083008.0,1669083008.0,1669083013.0,5.0,,481.0,589.0,5.0,195.0,942051989.0,5.0,50.0,poseidon,insidecontainer,poseidon-worker-2-container-8-11,mDiffFit,/opt/Montage/bin/mDiffFit,,0.0,0,0
mAdd_ID0000313,hdd_5,compute,0,1669082428.0,,,1669082433.0,1669082439.0,1669083013.0,1669083013.0,1669083019.0,5.0,,6.0,574.0,6.0,216.0,2411677669.0,11.0,207365760.0,poseidon,insidecontainer,poseidon-worker-2-container-20-23,mAdd,/opt/Montage/bin/mAdd,,1.1,0,0
mConcatFit_ID0000137,hdd_5,compute,0,1669082453.0,,,1669082458.0,1669082514.0,1669082713.0,1669082713.0,1669082718.0,5.0,,56.0,199.0,5.0,173.0,729843786.0,4.0,8945.0,poseidon,insidecontainer,poseidon-worker-1-container-28-31,mConcatFit,/opt/Montage/bin/mConcatFit,,0.3,0,0
mBgModel_ID0000138,hdd_5,compute,0,1669082718.0,,,1669082723.0,1669082724.0,1669082918.0,1669082918.0,1669082923.0,5.0,,1.0,194.0,5.0,22.0,729828635.0,4.0,936.0,poseidon,insidecontainer,poseidon-worker-1-container-28-31,mBgModel,/opt/Montage/bin/mBgModel,,1.1,0,0
mBackground_ID0000144,None,compute,0,1669082923.0,,,1669082928.0,1669082929.0,1669083174.0,1669083174.0,1669083179.0,5.0,,1.0,245.0,5.0,177.0,836203928.0,7.0,106387200.0,poseidon,insidecontainer,poseidon-worker-1-container-0-3,mBackground,/opt/Montage/bin/mBackground,,0.4,0,0
mBackground_ID0000150,hdd_5,compute,0,1669082923.0,,,1669082928.0,1669083005.0,1669083249.0,1669083249.0,1669083254.0,5.0,,77.0,244.0,5.0,198.0,836244248.0,7.0,106427520.0,poseidon,insidecontainer,poseidon-worker-2-container-4-7,mBackground,/opt/Montage/bin/mBackground,,0.4,0,0
mBackground_ID0000151,hdd_5,compute,0,1669082923.0,,,1669082928.0,1669083005.0,1669083584.0,1669083584.0,1669083589.0,5.0,,77.0,579.0,5.0,197.0,836244248.0,8.0,106427520.0,poseidon,insidecontainer,poseidon-worker-2-container-8-11,mBackground,/opt/Montage/bin/mBackground,,0.4,0,0
mBackground_ID0000140,hdd_5,compute,0,1669082923.0,,,1669082928.0,1669083005.0,1669083584.0,1669083584.0,1669083589.0,5.0,,77.0,579.0,5.0,208.0,836203928.0,8.0,106387200.0,poseidon,insidecontainer,poseidon-worker-2-container-12-15,mBackground,/opt/Montage/bin/mBackground,,0.4,0,0
mBackground_ID0000152,hdd_5,compute,0,1669082923.0,,,1669082928.0,1669082929.0,1669083194.0,1669083194.0,1669083199.0,5.0,,1.0,265.0,5.0,178.0,836203928.0,20.0,106387200.0,poseidon,insidecontainer,poseidon-worker-1-container-24-27,mBackground,/opt/Montage/bin/mBackground,,0.4,0,0
mBackground_ID0000141,None,compute,0,1669082923.0,,,1669082928.0,1669082929.0,1669083174.0,1669083174.0,1669083179.0,5.0,,1.0,245.0,5.0,179.0,836244248.0,8.0,106427520.0,poseidon,insidecontainer,poseidon-worker-1-container-4-7,mBackground,/opt/Montage/bin/mBackground,,0.5,0,0
mBackground_ID0000145,hdd_5,compute,0,1669082923.0,,,1669082928.0,1669082929.0,1669083194.0,1669083194.0,1669083199.0,5.0,,1.0,265.0,5.0,179.0,836244248.0,20.0,106427520.0,poseidon,insidecontainer,poseidon-worker-1-container-28-31,mBackground,/opt/Montage/bin/mBackground,,0.4,0,0
mBackground_ID0000146,None,compute,0,1669082923.0,,,1669082928.0,1669082929.0,1669083174.0,1669083174.0,1669083179.0,5.0,,1.0,245.0,5.0,181.0,836244248.0,8.0,106427520.0,poseidon,insidecontainer,poseidon-worker-1-container-8-11,mBackground,/opt/Montage/bin/mBackground,,0.5,0,0
mBackground_ID0000139,None,compute,0,1669082923.0,,,1669082928.0,1669082929.0,1669083174.0,1669083174.0,1669083179.0,5.0,,1.0,245.0,5.0,179.0,836203928.0,7.0,106387200.0,poseidon,insidecontainer,poseidon-worker-1-container-16-19,mBackground,/opt/Montage/bin/mBackground,,0.4,0,0
mBackground_ID0000148,None,compute,0,1669082923.0,,,1669082928.0,1669082929.0,1669083008.0,1669083008.0,1669083013.0,5.0,,1.0,79.0,5.0,29.0,836163608.0,8.0,106346880.0,poseidon,insidecontainer,poseidon-worker-2-container-36-39,mBackground,/opt/Montage/bin/mBackground,,0.4,0,0
mBackground_ID0000149,hdd_5,compute,0,1669082923.0,,,1669082928.0,1669082929.0,1669083174.0,1669083174.0,1669083179.0,5.0,,1.0,245.0,5.0,179.0,836203928.0,7.0,106387200.0,poseidon,insidecontainer,poseidon-worker-1-container-20-23,mBackground,/opt/Montage/bin/mBackground,,0.4,0,0
mBackground_ID0000153,None,compute,0,1669082923.0,,,1669082928.0,1669082929.0,1669083174.0,1669083174.0,1669083179.0,5.0,,1.0,245.0,5.0,177.0,836244248.0,7.0,106427520.0,poseidon,insidecontainer,poseidon-worker-1-container-32-35,mBackground,/opt/Montage/bin/mBackground,,0.4,0,0
mBackground_ID0000142,hdd_5,compute,0,1669082923.0,,,1669082928.0,1669082929.0,1669083174.0,1669083174.0,1669083179.0,5.0,,1.0,245.0,5.0,177.0,836284568.0,7.0,106467840.0,poseidon,insidecontainer,poseidon-worker-1-container-36-39,mBackground,/opt/Montage/bin/mBackground,,0.4,0,0
mBackground_ID0000143,None,compute,0,1669082923.0,,,1669082928.0,1669082929.0,1669083174.0,1669083174.0,1669083179.0,5.0,,1.0,245.0,5.0,179.0,836203928.0,7.0,106387200.0,poseidon,insidecontainer,poseidon-worker-1-container-44-47,mBackground,/opt/Montage/bin/mBackground,,0.4,0,0
mBackground_ID0000154,hdd_5,compute,0,1669082923.0,,,1669082928.0,1669082929.0,1669083194.0,1669083194.0,1669083199.0,5.0,,1.0,265.0,5.0,188.0,836284568.0,20.0,106467840.0,poseidon,insidecontainer,poseidon-worker-1-container-40-43,mBackground,/opt/Montage/bin/mBackground,,0.4,0,0
mBackground_ID0000147,hdd_5,compute,0,1669082923.0,,,1669082928.0,1669082929.0,1669083194.0,1669083194.0,1669083199.0,5.0,,1.0,265.0,5.0,179.0,836163608.0,20.0,106346880.0,poseidon,insidecontainer,poseidon-worker-1-container-12-15,mBackground,/opt/Montage/bin/mBackground,,0.4,0,0
mDiffFit_ID0000408,None,compute,0,1669082928.0,,,1669082933.0,1669083592.0,1669083945.0,1669083945.0,1669083950.0,5.0,,659.0,353.0,5.0,180.0,941971349.0,,,poseidon,insidecontainer,poseidon-worker-2-container-36-39,mDiffFit,/opt/Montage/bin/mDiffFit,,0.0,0,0
mDiffFit_ID0000422,None,compute,0,1669082928.0,,,1669082933.0,1669083424.0,1669083945.0,1669083945.0,1669083950.0,5.0,,491.0,521.0,5.0,179.0,942132629.0,,,poseidon,insidecontainer,poseidon-worker-2-container-16-19,mDiffFit,/opt/Montage/bin/mDiffFit,,0.0,0,0
mDiffFit_ID0000352,None,compute,0,1669082928.0,,,1669082933.0,1669083009.0,1669083424.0,1669083424.0,1669083429.0,5.0,,76.0,415.0,5.0,200.0,941971349.0,4.0,50.0,poseidon,insidecontainer,poseidon-worker-2-container-16-19,mDiffFit,/opt/Montage/bin/mDiffFit,,0.0,0,0
mDiffFit_ID0000345,hdd_5,compute,0,1669082928.0,,,1669082933.0,1669083424.0,1669083950.0,1669083950.0,1669083955.0,5.0,,491.0,526.0,5.0,178.0,942051989.0,4.0,50.0,poseidon,insidecontainer,poseidon-worker-2-container-0-3,mDiffFit,/opt/Montage/bin/mDiffFit,,0.0,0,0
mDiffFit_ID0000377,None,compute,0,1669082928.0,,,1669082933.0,1669083007.0,1669083299.0,1669083299.0,1669083304.0,5.0,,74.0,292.0,5.0,209.0,942011669.0,4.0,50.0,poseidon,insidecontainer,poseidon-worker-2-container-36-39,mDiffFit,/opt/Montage/bin/mDiffFit,,0.0,0,0
mDiffFit_ID0000388,hdd_5,compute,0,1669082928.0,,,1669082933.0,1669083009.0,1669083424.0,1669083424.0,1669083429.0,5.0,,76.0,415.0,5.0,200.0,941931029.0,4.0,293.0,poseidon,insidecontainer,poseidon-worker-2-container-24-27,mDiffFit,/opt/Montage/bin/mDiffFit,,0.0,0,0
mDiffFit_ID0000416,None,compute,0,1669082928.0,,,1669082933.0,1669083171.0,1669083569.0,1669083569.0,1669083574.0,5.0,,238.0,398.0,5.0,173.0,942011669.0,4.0,50.0,poseidon,insidecontainer,poseidon-worker-1-container-8-11,mDiffFit,/opt/Montage/bin/mDiffFit,,0.0,0,0
mDiffFit_ID0000424,None,compute,0,1669082928.0,,,1669082933.0,1669083007.0,1669083424.0,1669083424.0,1669083429.0,5.0,,74.0,417.0,5.0,207.0,941971349.0,4.0,50.0,poseidon,insidecontainer,poseidon-worker-2-container-44-47,mDiffFit,/opt/Montage/bin/mDiffFit,,0.0,0,0
mDiffFit_ID0000365,hdd_5,compute,0,1669082928.0,,,1669082933.0,1669083009.0,1669083424.0,1669083424.0,1669083429.0,5.0,,76.0,415.0,5.0,200.0,941971349.0,4.0,50.0,poseidon,insidecontainer,poseidon-worker-2-container-28-31,mDiffFit,/opt/Montage/bin/mDiffFit,,0.0,0,0
mDiffFit_ID0000339,hdd_5,compute,0,1669082928.0,,,1669082933.0,1669083194.0,1669083724.0,1669083724.0,1669083729.0,5.0,,261.0,530.0,5.0,361.0,941931029.0,4.0,50.0,poseidon,insidecontainer,poseidon-worker-1-container-12-15,mDiffFit,/opt/Montage/bin/mDiffFit,,0.0,0,0
mDiffFit_ID0000384,hdd_5,compute,0,1669082928.0,,,1669082933.0,1669083565.0,1669083955.0,1669083955.0,1669083960.0,5.0,,632.0,390.0,5.0,224.0,942132629.0,4.0,50.0,poseidon,insidecontainer,poseidon-worker-1-container-36-39,mDiffFit,/opt/Montage/bin/mDiffFit,,0.0,0,0
mDiffFit_ID0000435,None,compute,0,1669082928.0,,,1669082933.0,1669083424.0,1669083950.0,1669083950.0,1669083955.0,5.0,,491.0,526.0,5.0,179.0,942051989.0,4.0,50.0,poseidon,insidecontainer,poseidon-worker-2-container-44-47,mDiffFit,/opt/Montage/bin/mDiffFit,,0.0,0,0
mDiffFit_ID0000378,hdd_5,compute,0,1669082928.0,,,1669082933.0,1669083194.0,1669083579.0,1669083579.0,1669083584.0,5.0,,261.0,385.0,5.0,149.0,942011669.0,4.0,50.0,poseidon,insidecontainer,poseidon-worker-1-container-40-43,mDiffFit,/opt/Montage/bin/mDiffFit,,0.0,0,0
mDiffFit_ID0000359,hdd_5,compute,0,1669082928.0,,,1669082933.0,1669083424.0,1669083950.0,1669083950.0,1669083955.0,5.0,,491.0,526.0,5.0,178.0,942092309.0,4.0,50.0,poseidon,insidecontainer,poseidon-worker-2-container-24-27,mDiffFit,/opt/Montage/bin/mDiffFit,,0.0,0,0
mDiffFit_ID0000389,hdd_5,compute,0,1669082928.0,,,1669082933.0,1669083194.0,1669083579.0,1669083579.0,1669083584.0,5.0,,261.0,385.0,5.0,301.0,941931029.0,4.0,287.0,poseidon,insidecontainer,poseidon-worker-1-container-28-31,mDiffFit,/opt/Montage/bin/mDiffFit,,0.0,0,0
mDiffFit_ID0000366,hdd_5,compute,0,1669082928.0,,,1669082933.0,1669083249.0,1669083589.0,1669083589.0,1669083594.0,5.0,,316.0,340.0,5.0,30.0,941971349.0,5.0,50.0,poseidon,insidecontainer,poseidon-worker-2-container-4-7,mDiffFit,/opt/Montage/bin/mDiffFit,,0.0,0,0
mDiffFit_ID0000425,hdd_5,compute,0,1669082928.0,,,1669082933.0,1669083007.0,1669083424.0,1669083424.0,1669083429.0,5.0,,74.0,417.0,5.0,200.0,942011669.0,4.0,50.0,poseidon,insidecontainer,poseidon-worker-2-container-40-43,mDiffFit,/opt/Montage/bin/mDiffFit,,0.0,0,0
mDiffFit_ID0000414,hdd_5,compute,0,1669082928.0,,,1669082933.0,1669083723.0,1669084015.0,1669084015.0,1669084020.0,5.0,,790.0,292.0,5.0,224.0,942092309.0,5.0,50.0,poseidon,insidecontainer,poseidon-worker-1-container-12-15,mDiffFit,/opt/Montage/bin/mDiffFit,,0.0,0,0
mDiffFit_ID0000431,None,compute,0,1669082928.0,,,1669082933.0,1669083296.0,1669083594.0,1669083594.0,1669083599.0,5.0,,363.0,298.0,5.0,123.0,942011669.0,4.0,50.0,poseidon,insidecontainer,poseidon-worker-2-container-36-39,mDiffFit,/opt/Montage/bin/mDiffFit,,0.0,0,0
mDiffFit_ID0000353,hdd_5,compute,0,1669082928.0,,,1669082933.0,1669083420.0,1669083764.0,1669083764.0,1669083769.0,5.0,,487.0,344.0,5.0,173.0,941971349.0,5.0,50.0,poseidon,insidecontainer,poseidon-worker-2-container-20-23,mDiffFit,/opt/Montage/bin/mDiffFit,,0.0,0,0
mDiffFit_ID0000430,hdd_5,compute,0,1669082928.0,,,1669082933.0,1669083424.0,1669083950.0,1669083950.0,1669083955.0,5.0,,491.0,526.0,5.0,180.0,941971349.0,4.0,290.0,poseidon,insidecontainer,poseidon-worker-2-container-28-31,mDiffFit,/opt/Montage/bin/mDiffFit,,0.0,0,0
mDiffFit_ID0000423,hdd_5,compute,0,1669082928.0,,,1669082933.0,1669083194.0,1669083579.0,1669083579.0,1669083584.0,5.0,,261.0,385.0,5.0,244.0,941931029.0,4.0,292.0,poseidon,insidecontainer,poseidon-worker-1-container-24-27,mDiffFit,/opt/Montage/bin/mDiffFit,,0.0,0,0
mDiffFit_ID0000444,hdd_5,compute,0,1669082928.0,,,1669082933.0,1669083580.0,1669083950.0,1669083950.0,1669083955.0,5.0,,647.0,370.0,5.0,181.0,942132629.0,4.0,271.0,poseidon,insidecontainer,poseidon-worker-2-container-32-35,mDiffFit,/opt/Montage/bin/mDiffFit,,0.0,0,0
mDiffFit_ID0000429,hdd_5,compute,0,1669082928.0,,,1669082933.0,1669083424.0,1669083950.0,1669083950.0,1669083955.0,5.0,,491.0,526.0,5.0,178.0,942051989.0,4.0,50.0,poseidon,insidecontainer,poseidon-worker-2-container-40-43,mDiffFit,/opt/Montage/bin/mDiffFit,,0.0,0,0
mDiffFit_ID0000415,None,compute,0,1669082928.0,,,1669082933.0,1669083171.0,1669083569.0,1669083569.0,1669083574.0,5.0,,238.0,398.0,5.0,184.0,942011669.0,4.0,50.0,poseidon,insidecontainer,poseidon-worker-1-container-4-7,mDiffFit,/opt/Montage/bin/mDiffFit,,0.0,0,0
mDiffFit_ID0000409,None,compute,0,1669082928.0,,,1669082933.0,1669083565.0,1669083955.0,1669083955.0,1669083960.0,5.0,,632.0,390.0,5.0,224.0,942011669.0,4.0,291.0,poseidon,insidecontainer,poseidon-worker-1-container-16-19,mDiffFit,/opt/Montage/bin/mDiffFit,,0.0,0,0
mDiffFit_ID0000336,None,compute,0,1669082928.0,,,1669082933.0,1669083565.0,1669083955.0,1669083955.0,1669083960.0,5.0,,632.0,390.0,5.0,226.0,941971349.0,4.0,50.0,poseidon,insidecontainer,poseidon-worker-1-container-4-7,mDiffFit,/opt/Montage/bin/mDiffFit,,0.0,0,0
mDiffFit_ID0000410,None,compute,0,1669082928.0,,,1669082933.0,1669083565.0,1669083955.0,1669083955.0,1669083960.0,5.0,,632.0,390.0,5.0,225.0,942051989.0,4.0,284.0,poseidon,insidecontainer,poseidon-worker-1-container-8-11,mDiffFit,/opt/Montage/bin/mDiffFit,,0.0,0,0
mDiffFit_ID0000375,None,compute,0,1669082928.0,,,1669082933.0,1669083567.0,1669083955.0,1669083955.0,1669083960.0,5.0,,634.0,388.0,5.0,226.0,942051989.0,4.0,289.0,poseidon,insidecontainer,poseidon-worker-1-container-0-3,mDiffFit,/opt/Montage/bin/mDiffFit,,0.0,0,0
mDiffFit_ID0000386,hdd_5,compute,0,1669082928.0,,,1669082933.0,1669083578.0,1669084015.0,1669084015.0,1669084020.0,5.0,,645.0,437.0,5.0,161.0,941971349.0,4.0,50.0,poseidon,insidecontainer,poseidon-worker-1-container-40-43,mDiffFit,/opt/Montage/bin/mDiffFit,,0.0,0,0
mDiffFit_ID0000363,hdd_5,compute,0,1669082928.0,,,1669082933.0,1669083578.0,1669084015.0,1669084015.0,1669084020.0,5.0,,645.0,437.0,5.0,368.0,942011669.0,5.0,290.0,poseidon,insidecontainer,poseidon-worker-1-container-28-31,mDiffFit,/opt/Montage/bin/mDiffFit,,0.0,0,0
mDiffFit_ID0000350,hdd_5,compute,0,1669082928.0,,,1669082933.0,1669083578.0,1669084015.0,1669084015.0,1669084020.0,5.0,,645.0,437.0,5.0,225.0,942011669.0,4.0,288.0,poseidon,insidecontainer,poseidon-worker-1-container-24-27,mDiffFit,/opt/Montage/bin/mDiffFit,,0.0,0,0
mDiffFit_ID0000372,None,compute,0,1669082928.0,,,1669082933.0,1669083565.0,1669083955.0,1669083955.0,1669083960.0,5.0,,632.0,390.0,5.0,224.0,942092309.0,4.0,50.0,poseidon,insidecontainer,poseidon-worker-1-container-44-47,mDiffFit,/opt/Montage/bin/mDiffFit,,0.0,0,0
mDiffFit_ID0000418,hdd_5,compute,0,1669082928.0,,,1669082933.0,1669083009.0,1669083424.0,1669083424.0,1669083429.0,5.0,,76.0,415.0,5.0,200.0,942092309.0,4.0,288.0,poseidon,insidecontainer,poseidon-worker-2-container-0-3,mDiffFit,/opt/Montage/bin/mDiffFit,,0.0,0,0
mDiffFit_ID0000338,hdd_5,compute,0,1669082928.0,,,1669082933.0,1669083007.0,1669083424.0,1669083424.0,1669083429.0,5.0,,74.0,417.0,5.0,212.0,941931029.0,4.0,50.0,poseidon,insidecontainer,poseidon-worker-2-container-32-35,mDiffFit,/opt/Montage/bin/mDiffFit,,0.0,0,0
mDiffFit_ID0000406,hdd_5,compute,0,1669082928.0,,,1669082933.0,1669083580.0,1669083945.0,1669083945.0,1669083950.0,5.0,,647.0,365.0,5.0,185.0,942051989.0,,,poseidon,insidecontainer,poseidon-worker-2-container-8-11,mDiffFit,/opt/Montage/bin/mDiffFit,,0.0,0,0
mDiffFit_ID0000337,None,compute,0,1669082928.0,,,1669082933.0,1669083170.0,1669083569.0,1669083569.0,1669083574.0,5.0,,237.0,399.0,5.0,175.0,942011669.0,4.0,50.0,poseidon,insidecontainer,poseidon-worker-1-container-44-47,mDiffFit,/opt/Montage/bin/mDiffFit,,0.0,0,0
mDiffFit_ID0000395,None,compute,0,1669082928.0,,,1669082933.0,1669083565.0,1669083955.0,1669083955.0,1669083960.0,5.0,,632.0,390.0,5.0,224.0,942051989.0,4.0,50.0,poseidon,insidecontainer,poseidon-worker-1-container-32-35,mDiffFit,/opt/Montage/bin/mDiffFit,,0.0,0,0
mDiffFit_ID0000376,hdd_5,compute,0,1669082928.0,,,1669082933.0,1669083170.0,1669083564.0,1669083564.0,1669083569.0,5.0,,237.0,394.0,5.0,174.0,942092309.0,4.0,288.0,poseidon,insidecontainer,poseidon-worker-1-container-20-23,mDiffFit,/opt/Montage/bin/mDiffFit,,0.0,0,0
mDiffFit_ID0000387,hdd_5,compute,0,1669082928.0,,,1669082933.0,1669083170.0,1669083569.0,1669083569.0,1669083574.0,5.0,,237.0,399.0,5.0,185.0,942011669.0,4.0,50.0,poseidon,insidecontainer,poseidon-worker-1-container-36-39,mDiffFit,/opt/Montage/bin/mDiffFit,,0.0,0,0
mDiffFit_ID0000364,None,compute,0,1669082928.0,,,1669082933.0,1669083170.0,1669083569.0,1669083569.0,1669083574.0,5.0,,237.0,399.0,5.0,174.0,942051989.0,4.0,287.0,poseidon,insidecontainer,poseidon-worker-1-container-16-19,mDiffFit,/opt/Montage/bin/mDiffFit,,0.0,0,0
mDiffFit_ID0000351,None,compute,0,1669082928.0,,,1669082933.0,1669083170.0,1669083569.0,1669083569.0,1669083574.0,5.0,,237.0,399.0,5.0,173.0,942051989.0,4.0,50.0,poseidon,insidecontainer,poseidon-worker-1-container-32-35,mDiffFit,/opt/Montage/bin/mDiffFit,,0.0,0,0
mDiffFit_ID0000407,hdd_5,compute,0,1669082928.0,,,1669082933.0,1669083589.0,1669083950.0,1669083950.0,1669083955.0,5.0,,656.0,361.0,5.0,177.0,941971349.0,4.0,50.0,poseidon,insidecontainer,poseidon-worker-2-container-4-7,mDiffFit,/opt/Montage/bin/mDiffFit,,0.0,0,0
mDiffFit_ID0000440,hdd_5,compute,0,1669082928.0,,,1669082933.0,1669083564.0,1669083955.0,1669083955.0,1669083960.0,5.0,,631.0,391.0,5.0,223.0,942092309.0,4.0,269.0,poseidon,insidecontainer,poseidon-worker-1-container-20-23,mDiffFit,/opt/Montage/bin/mDiffFit,,0.0,0,0
mDiffFit_ID0000417,hdd_5,compute,0,1669082928.0,,,1669082933.0,1669083022.0,1669083419.0,1669083419.0,1669083424.0,5.0,,89.0,397.0,5.0,199.0,942051989.0,,,poseidon,insidecontainer,poseidon-worker-2-container-20-23,mDiffFit,/opt/Montage/bin/mDiffFit,,0.0,0,0
mDiffFit_ID0000450,None,compute,0,1669083013.0,,,1669083019.0,1669084235.0,1669084425.0,1669084425.0,1669084430.0,6.0,,1216.0,190.0,5.0,29.0,942172949.0,,,poseidon,insidecontainer,poseidon-worker-2-container-16-19,mDiffFit,/opt/Montage/bin/mDiffFit,,0.0,0,0
register_insidecontainer_0_0,None,auxiliary,0,1669083013.0,,,1669083059.0,1669083059.0,1669083064.0,1669083064.0,1669083069.0,46.0,,0.0,5.0,5.0,,,,,poseidon,local,host-10-100-100-124.openstacklocal,pegasus::rc-client,/home/poseidon/pegasus-5.1.0panorama/bin/pegasus-rc-client,"-n pegasus::rc-client -N null -R local  -L montage -T 2022-10-16T23:19:56+00:00 /home/poseidon/pegasus-5.1.0panorama/bin/pegasus-rc-client --prefix pegasus.catalog.replica.output --conf /home/poseidon/workflows/montage-workflow-v3/submit/poseidon/pegasus/montage/run0273/pegasus.10338789111739614444.properties -v --meta /home/poseidon/workflows/montage-workflow-v3/submit/poseidon/pegasus/montage/run0273/00/00/mProject_ID0000007.meta,/home/poseidon/workflows/montage-workflow-v3/submit/poseidon/pegasus/montage/run0273/00/00/mProject_ID0000168.meta,/home/poseidon/workflows/montage-workflow-v3/submit/poseidon/pegasus/montage/run0273/00/00/mProject_ID0000010.meta,/home/poseidon/workflows/montage-workflow-v3/submit/poseidon/pegasus/montage/run0273/00/00/mProject_ID0000170.meta,/home/poseidon/workflows/montage-workflow-v3/submit/poseidon/pegasus/montage/run0273/00/00/mProject_ID0000160.meta,/home/poseidon/workflows/montage-workflow-v3/submit/poseidon/pegasus/montage/run0273/00/00/mProject_ID0000315.meta,/home/poseidon/workflows/montage-workflow-v3/submit/poseidon/pegasus/montage/run0273/00/00/mProject_ID0000012.meta,/home/poseidon/workflows/montage-workflow-v3/submit/poseidon/pegasus/montage/run0273/00/00/mProject_ID0000318.meta,/home/poseidon/workflows/montage-workflow-v3/submit/poseidon/pegasus/montage/run0273/00/00/mProject_ID0000001.meta,/home/poseidon/workflows/montage-workflow-v3/submit/poseidon/pegasus/montage/run0273/00/00/mProject_ID0000015.meta,/home/poseidon/workflows/montage-workflow-v3/submit/poseidon/pegasus/montage/run0273/00/01/mProject_ID0000330.meta,/home/poseidon/workflows/montage-workflow-v3/submit/poseidon/pegasus/montage/run0273/00/00/mProject_ID0000165.meta,/home/poseidon/workflows/montage-workflow-v3/submit/poseidon/pegasus/montage/run0273/00/00/mProject_ID0000003.meta,/home/poseidon/workflows/montage-workflow-v3/submit/poseidon/pegasus/montage/run0273/00/01/mProject_ID0000323.meta,/home/poseidon/workflows/montage-workflow-v3/submit/poseidon/pegasus/montage/run0273/00/00/mProject_ID0000173.meta,/home/poseidon/workflows/montage-workflow-v3/submit/poseidon/pegasus/montage/run0273/00/00/mProject_ID0000320.meta,/home/poseidon/workflows/montage-workflow-v3/submit/poseidon/pegasus/montage/run0273/00/00/mProject_ID0000325.meta,/home/poseidon/workflows/montage-workflow-v3/submit/poseidon/pegasus/montage/run0273/00/00/mProject_ID0000328.meta,/home/poseidon/workflows/montage-workflow-v3/submit/poseidon/pegasus/montage/run0273/00/00/mProject_ID0000163.meta,/home/poseidon/workflows/montage-workflow-v3/submit/poseidon/pegasus/montage/run0273/00/00/mProject_ID0000158.meta --insert /home/poseidon/workflows/montage-workflow-v3/submit/poseidon/pegasus/montage/run0273/00/01/register_insidecontainer_0_0.in",3.2,0,0
register_insidecontainer_0_4,None,auxiliary,0,1669083013.0,,,1669083039.0,1669083039.0,1669083044.0,1669083044.0,1669083049.0,26.0,,0.0,5.0,5.0,,,,,poseidon,local,host-10-100-100-124.openstacklocal,pegasus::rc-client,/home/poseidon/pegasus-5.1.0panorama/bin/pegasus-rc-client,"-n pegasus::rc-client -N null -R local  -L montage -T 2022-10-16T23:19:56+00:00 /home/poseidon/pegasus-5.1.0panorama/bin/pegasus-rc-client --prefix pegasus.catalog.replica.output --conf /home/poseidon/workflows/montage-workflow-v3/submit/poseidon/pegasus/montage/run0273/pegasus.10338789111739614444.properties -v --meta /home/poseidon/workflows/montage-workflow-v3/submit/poseidon/pegasus/montage/run0273/00/00/mProject_ID0000167.meta,/home/poseidon/workflows/montage-workflow-v3/submit/poseidon/pegasus/montage/run0273/00/00/mProject_ID0000007.meta,/home/poseidon/workflows/montage-workflow-v3/submit/poseidon/pegasus/montage/run0273/00/00/mProject_ID0000005.meta,/home/poseidon/workflows/montage-workflow-v3/submit/poseidon/pegasus/montage/run0273/00/00/mProject_ID0000014.meta,/home/poseidon/workflows/montage-workflow-v3/submit/poseidon/pegasus/montage/run0273/00/00/mProject_ID0000322.meta,/home/poseidon/workflows/montage-workflow-v3/submit/poseidon/pegasus/montage/run0273/00/00/mProject_ID0000162.meta,/home/poseidon/workflows/montage-workflow-v3/submit/poseidon/pegasus/montage/run0273/00/00/mProject_ID0000170.meta,/home/poseidon/workflows/montage-workflow-v3/submit/poseidon/pegasus/montage/run0273/00/00/mProject_ID0000172.meta,/home/poseidon/workflows/montage-workflow-v3/submit/poseidon/pegasus/montage/run0273/00/00/mProject_ID0000160.meta,/home/poseidon/workflows/montage-workflow-v3/submit/poseidon/pegasus/montage/run0273/00/00/mProject_ID0000315.meta,/home/poseidon/workflows/montage-workflow-v3/submit/poseidon/pegasus/montage/run0273/00/00/mProject_ID0000012.meta,/home/poseidon/workflows/montage-workflow-v3/submit/poseidon/pegasus/montage/run0273/00/00/mProject_ID0000317.meta,/home/poseidon/workflows/montage-workflow-v3/submit/poseidon/pegasus/montage/run0273/00/01/mProject_ID0000330.meta,/home/poseidon/workflows/montage-workflow-v3/submit/poseidon/pegasus/montage/run0273/00/00/mProject_ID0000165.meta,/home/poseidon/workflows/montage-workflow-v3/submit/poseidon/pegasus/montage/run0273/00/00/mProject_ID0000003.meta,/home/poseidon/workflows/montage-workflow-v3/submit/poseidon/pegasus/montage/run0273/00/00/mProject_ID0000320.meta,/home/poseidon/workflows/montage-workflow-v3/submit/poseidon/pegasus/montage/run0273/00/00/mProject_ID0000325.meta,/home/poseidon/workflows/montage-workflow-v3/submit/poseidon/pegasus/montage/run0273/00/00/mProject_ID0000009.meta,/home/poseidon/workflows/montage-workflow-v3/submit/poseidon/pegasus/montage/run0273/00/00/mProject_ID0000327.meta --insert /home/poseidon/workflows/montage-workflow-v3/submit/poseidon/pegasus/montage/run0273/00/01/register_insidecontainer_0_4.in",3.3,0,0
mDiffFit_ID0000447,None,compute,0,1669083013.0,,,1669083019.0,1669083955.0,1669084360.0,1669084360.0,1669084365.0,6.0,,936.0,405.0,5.0,163.0,942051989.0,4.0,50.0,poseidon,insidecontainer,poseidon-worker-1-container-4-7,mDiffFit,/opt/Montage/bin/mDiffFit,,0.0,0,0
mDiffFit_ID0000449,None,compute,0,1669083013.0,,,1669083019.0,1669084823.0,1669085050.0,1669085050.0,1669085055.0,6.0,,1804.0,227.0,5.0,29.0,942092309.0,4.0,50.0,poseidon,insidecontainer,poseidon-worker-2-container-36-39,mDiffFit,/opt/Montage/bin/mDiffFit,,0.0,0,0
mDiffFit_ID0000432,None,compute,0,1669083013.0,,,1669083019.0,1669083954.0,1669084355.0,1669084355.0,1669084360.0,6.0,,935.0,401.0,5.0,207.0,941931029.0,4.0,289.0,poseidon,insidecontainer,poseidon-worker-1-container-0-3,mDiffFit,/opt/Montage/bin/mDiffFit,,0.0,0,0
register_insidecontainer_0_2,None,auxiliary,0,1669083013.0,,,1669083029.0,1669083029.0,1669083034.0,1669083034.0,1669083039.0,16.0,,0.0,5.0,5.0,,,,,poseidon,local,host-10-100-100-124.openstacklocal,pegasus::rc-client,/home/poseidon/pegasus-5.1.0panorama/bin/pegasus-rc-client,"-n pegasus::rc-client -N null -R local  -L montage -T 2022-10-16T23:19:56+00:00 /home/poseidon/pegasus-5.1.0panorama/bin/pegasus-rc-client --prefix pegasus.catalog.replica.output --conf /home/poseidon/workflows/montage-workflow-v3/submit/poseidon/pegasus/montage/run0273/pegasus.10338789111739614444.properties -v --meta /home/poseidon/workflows/montage-workflow-v3/submit/poseidon/pegasus/montage/run0273/00/00/mProject_ID0000171.meta,/home/poseidon/workflows/montage-workflow-v3/submit/poseidon/pegasus/montage/run0273/00/00/mProject_ID0000329.meta,/home/poseidon/workflows/montage-workflow-v3/submit/poseidon/pegasus/montage/run0273/00/00/mProject_ID0000319.meta,/home/poseidon/workflows/montage-workflow-v3/submit/poseidon/pegasus/montage/run0273/00/00/mProject_ID0000016.meta,/home/poseidon/workflows/montage-workflow-v3/submit/poseidon/pegasus/montage/run0273/00/00/mProject_ID0000161.meta,/home/poseidon/workflows/montage-workflow-v3/submit/poseidon/pegasus/montage/run0273/00/00/mProject_ID0000164.meta,/home/poseidon/workflows/montage-workflow-v3/submit/poseidon/pegasus/montage/run0273/00/01/mProject_ID0000324.meta,/home/poseidon/workflows/montage-workflow-v3/submit/poseidon/pegasus/montage/run0273/00/00/mProject_ID0000169.meta,/home/poseidon/workflows/montage-workflow-v3/submit/poseidon/pegasus/montage/run0273/00/00/mProject_ID0000011.meta,/home/poseidon/workflows/montage-workflow-v3/submit/poseidon/pegasus/montage/run0273/00/00/mProject_ID0000326.meta,/home/poseidon/workflows/montage-workflow-v3/submit/poseidon/pegasus/montage/run0273/00/00/mProject_ID0000159.meta,/home/poseidon/workflows/montage-workflow-v3/submit/poseidon/pegasus/montage/run0273/00/00/mProject_ID0000002.meta,/home/poseidon/workflows/montage-workflow-v3/submit/poseidon/pegasus/montage/run0273/00/00/mProject_ID0000004.meta,/home/poseidon/workflows/montage-workflow-v3/submit/poseidon/pegasus/montage/run0273/00/00/mProject_ID0000008.meta,/home/poseidon/workflows/montage-workflow-v3/submit/poseidon/pegasus/montage/run0273/00/00/mProject_ID0000321.meta,/home/poseidon/workflows/montage-workflow-v3/submit/poseidon/pegasus/montage/run0273/00/00/mProject_ID0000166.meta,/home/poseidon/workflows/montage-workflow-v3/submit/poseidon/pegasus/montage/run0273/00/00/mProject_ID0000006.meta,/home/poseidon/workflows/montage-workflow-v3/submit/poseidon/pegasus/montage/run0273/00/00/mProject_ID0000013.meta,/home/poseidon/workflows/montage-workflow-v3/submit/poseidon/pegasus/montage/run0273/00/00/mProject_ID0000316.meta --insert /home/poseidon/workflows/montage-workflow-v3/submit/poseidon/pegasus/montage/run0273/00/01/register_insidecontainer_0_2.in",3.1,0,0
mDiffFit_ID0000443,None,compute,0,1669083013.0,,,1669083019.0,1669083955.0,1669084360.0,1669084360.0,1669084365.0,6.0,,936.0,405.0,5.0,166.0,942132629.0,4.0,275.0,poseidon,insidecontainer,poseidon-worker-1-container-8-11,mDiffFit,/opt/Montage/bin/mDiffFit,,0.0,0,0
mDiffFit_ID0000344,None,compute,0,1669083013.0,,,1669083019.0,1669083955.0,1669084360.0,1669084360.0,1669084365.0,6.0,,936.0,405.0,5.0,207.0,942051989.0,4.0,50.0,poseidon,insidecontainer,poseidon-worker-1-container-44-47,mDiffFit,/opt/Montage/bin/mDiffFit,,0.0,0,0
mDiffFit_ID0000394,None,compute,0,1669083013.0,,,1669083019.0,1669083985.0,1669084260.0,1669084260.0,1669084265.0,6.0,,966.0,275.0,5.0,166.0,942051989.0,4.0,50.0,poseidon,insidecontainer,poseidon-worker-2-container-44-47,mDiffFit,/opt/Montage/bin/mDiffFit,,0.0,0,0
mDiffFit_ID0000383,hdd_5,compute,0,1669083013.0,,,1669083019.0,1669083985.0,1669084425.0,1669084425.0,1669084430.0,6.0,,966.0,440.0,5.0,166.0,942132629.0,,,poseidon,insidecontainer,poseidon-worker-2-container-40-43,mDiffFit,/opt/Montage/bin/mDiffFit,,0.0,0,0
mDiffFit_ID0000371,hdd_5,compute,0,1669083013.0,,,1669083019.0,1669083985.0,1669084425.0,1669084425.0,1669084430.0,6.0,,966.0,440.0,5.0,166.0,942092309.0,,,poseidon,insidecontainer,poseidon-worker-2-container-8-11,mDiffFit,/opt/Montage/bin/mDiffFit,,0.0,0,0
mDiffFit_ID0000349,None,compute,0,1669083013.0,,,1669083019.0,1669084258.0,1669084445.0,1669084445.0,1669084450.0,6.0,,1239.0,187.0,5.0,30.0,941971349.0,4.0,288.0,poseidon,insidecontainer,poseidon-worker-2-container-44-47,mDiffFit,/opt/Montage/bin/mDiffFit,,0.0,0,0
mDiffFit_ID0000358,hdd_5,compute,0,1669083013.0,,,1669083019.0,1669083955.0,1669084360.0,1669084360.0,1669084365.0,6.0,,936.0,405.0,5.0,207.0,942092309.0,4.0,50.0,poseidon,insidecontainer,poseidon-worker-1-container-36-39,mDiffFit,/opt/Montage/bin/mDiffFit,,0.0,0,0
mDiffFit_ID0000404,None,compute,0,1669083013.0,,,1669083019.0,1669084371.0,1669084795.0,1669084795.0,1669084800.0,6.0,,1352.0,424.0,5.0,258.0,942051989.0,4.0,50.0,poseidon,insidecontainer,poseidon-worker-1-container-0-3,mDiffFit,/opt/Montage/bin/mDiffFit,,0.0,0,0
mDiffFit_ID0000405,None,compute,0,1669083013.0,,,1669083019.0,1669084423.0,1669084825.0,1669084825.0,1669084830.0,6.0,,1404.0,402.0,5.0,314.0,942051989.0,4.0,50.0,poseidon,insidecontainer,poseidon-worker-2-container-16-19,mDiffFit,/opt/Montage/bin/mDiffFit,,0.0,0,0
mDiffFit_ID0000401,None,compute,0,1669083013.0,,,1669083019.0,1669084371.0,1669084975.0,1669084975.0,1669084980.0,6.0,,1352.0,604.0,5.0,175.0,942011669.0,4.0,50.0,poseidon,insidecontainer,poseidon-worker-1-container-44-47,mDiffFit,/opt/Montage/bin/mDiffFit,,0.0,0,0
mDiffFit_ID0000335,hdd_5,compute,0,1669083013.0,,,1669083019.0,1669084371.0,1669084975.0,1669084975.0,1669084980.0,6.0,,1352.0,604.0,5.0,170.0,941931029.0,4.0,289.0,poseidon,insidecontainer,poseidon-worker-1-container-36-39,mDiffFit,/opt/Montage/bin/mDiffFit,,0.0,0,0
mDiffFit_ID0000400,None,compute,0,1669083013.0,,,1669083019.0,1669084371.0,1669084975.0,1669084975.0,1669084980.0,6.0,,1352.0,604.0,5.0,173.0,941971349.0,4.0,283.0,poseidon,insidecontainer,poseidon-worker-1-container-32-35,mDiffFit,/opt/Montage/bin/mDiffFit,,0.0,0,0
mDiffFit_ID0000374,hdd_5,compute,0,1669083013.0,,,1669083019.0,1669084371.0,1669084975.0,1669084975.0,1669084980.0,6.0,,1352.0,604.0,5.0,168.0,942011669.0,4.0,50.0,poseidon,insidecontainer,poseidon-worker-1-container-20-23,mDiffFit,/opt/Montage/bin/mDiffFit,,0.0,0,0
mDiffFit_ID0000385,None,compute,0,1669083013.0,,,1669083019.0,1669084371.0,1669084975.0,1669084975.0,1669084980.0,6.0,,1352.0,604.0,5.0,171.0,941931029.0,4.0,294.0,poseidon,insidecontainer,poseidon-worker-1-container-8-11,mDiffFit,/opt/Montage/bin/mDiffFit,,0.0,0,0
mDiffFit_ID0000403,hdd_5,compute,0,1669083013.0,,,1669083019.0,1669084641.0,1669085131.0,1669085131.0,1669085136.0,6.0,,1622.0,490.0,5.0,181.0,941971349.0,4.0,50.0,poseidon,insidecontainer,poseidon-worker-1-container-24-27,mDiffFit,/opt/Montage/bin/mDiffFit,,0.0,0,0
mDiffFit_ID0000446,None,compute,0,1669083013.0,,,1669083019.0,1669083955.0,1669084360.0,1669084360.0,1669084365.0,6.0,,936.0,405.0,5.0,163.0,942051989.0,4.0,50.0,poseidon,insidecontainer,poseidon-worker-1-container-32-35,mDiffFit,/opt/Montage/bin/mDiffFit,,0.0,0,0
mDiffFit_ID0000448,hdd_5,compute,0,1669083013.0,,,1669083019.0,1669084630.0,1669084975.0,1669084975.0,1669084980.0,6.0,,1611.0,345.0,5.0,166.0,942092309.0,4.0,289.0,poseidon,insidecontainer,poseidon-worker-1-container-28-31,mDiffFit,/opt/Montage/bin/mDiffFit,,0.0,0,0
mDiffFit_ID0000439,hdd_5,compute,0,1669083013.0,,,1669083019.0,1669083955.0,1669084360.0,1669084360.0,1669084365.0,6.0,,936.0,405.0,5.0,163.0,942092309.0,4.0,277.0,poseidon,insidecontainer,poseidon-worker-1-container-20-23,mDiffFit,/opt/Montage/bin/mDiffFit,,0.0,0,0
mDiffFit_ID0000437,hdd_5,compute,0,1669083013.0,,,1669083018.0,1669083775.0,1669084155.0,1669084155.0,1669084160.0,5.0,,757.0,380.0,5.0,168.0,941971349.0,4.0,50.0,poseidon,insidecontainer,poseidon-worker-2-container-20-23,mDiffFit,/opt/Montage/bin/mDiffFit,,0.0,0,0
mDiffFit_ID0000369,None,compute,0,1669083013.0,,,1669083018.0,1669083944.0,1669084425.0,1669084425.0,1669084430.0,5.0,,926.0,481.0,5.0,204.0,941971349.0,,,poseidon,insidecontainer,poseidon-worker-2-container-36-39,mDiffFit,/opt/Montage/bin/mDiffFit,,0.0,0,0
mDiffFit_ID0000356,None,compute,0,1669083013.0,,,1669083018.0,1669083944.0,1669084220.0,1669084220.0,1669084225.0,5.0,,926.0,276.0,5.0,200.0,941971349.0,4.0,50.0,poseidon,insidecontainer,poseidon-worker-2-container-16-19,mDiffFit,/opt/Montage/bin/mDiffFit,,0.0,0,0
mDiffFit_ID0000441,hdd_5,compute,0,1669083013.0,,,1669083018.0,1669083947.0,1669084425.0,1669084425.0,1669084430.0,5.0,,929.0,478.0,5.0,263.0,942011669.0,,,poseidon,insidecontainer,poseidon-worker-2-container-4-7,mDiffFit,/opt/Montage/bin/mDiffFit,,0.0,0,0
mDiffFit_ID0000342,hdd_5,compute,0,1669083013.0,,,1669083018.0,1669083948.0,1669084425.0,1669084425.0,1669084430.0,5.0,,930.0,477.0,5.0,202.0,941931029.0,,,poseidon,insidecontainer,poseidon-worker-2-container-28-31,mDiffFit,/opt/Montage/bin/mDiffFit,,0.0,0,0
mDiffFit_ID0000381,hdd_5,compute,0,1669083013.0,,,1669083018.0,1669083948.0,1669084425.0,1669084425.0,1669084430.0,5.0,,930.0,477.0,5.0,231.0,942011669.0,,,poseidon,insidecontainer,poseidon-worker-2-container-24-27,mDiffFit,/opt/Montage/bin/mDiffFit,,0.0,0,0
mDiffFit_ID0000392,hdd_5,compute,0,1669083013.0,,,1669083018.0,1669083948.0,1669084425.0,1669084425.0,1669084430.0,5.0,,930.0,477.0,5.0,218.0,941931029.0,,,poseidon,insidecontainer,poseidon-worker-2-container-0-3,mDiffFit,/opt/Montage/bin/mDiffFit,,0.0,0,0
mDiffFit_ID0000438,hdd_5,compute,0,1669083013.0,,,1669083019.0,1669084423.0,1669084825.0,1669084825.0,1669084830.0,6.0,,1404.0,402.0,5.0,312.0,942011669.0,4.0,286.0,poseidon,insidecontainer,poseidon-worker-2-container-12-15,mDiffFit,/opt/Montage/bin/mDiffFit,,0.0,0,0
mDiffFit_ID0000445,hdd_5,compute,0,1669083013.0,,,1669083019.0,1669084423.0,1669084970.0,1669084970.0,1669084975.0,6.0,,1404.0,547.0,5.0,314.0,941971349.0,148.0,574.0,poseidon,insidecontainer,poseidon-worker-2-container-40-43,mDiffFit,/opt/Montage/bin/mDiffFit,,0.0,0,0
mDiffFit_ID0000357,hdd_5,compute,0,1669083013.0,,,1669083019.0,1669084441.0,1669084825.0,1669084825.0,1669084830.0,6.0,,1422.0,384.0,5.0,316.0,942011669.0,4.0,50.0,poseidon,insidecontainer,poseidon-worker-2-container-24-27,mDiffFit,/opt/Montage/bin/mDiffFit,,0.0,0,0
mDiffFit_ID0000343,hdd_5,compute,0,1669083013.0,,,1669083019.0,1669084441.0,1669084825.0,1669084825.0,1669084830.0,6.0,,1422.0,384.0,5.0,315.0,941971349.0,4.0,50.0,poseidon,insidecontainer,poseidon-worker-2-container-28-31,mDiffFit,/opt/Montage/bin/mDiffFit,,0.0,0,0
mDiffFit_ID0000442,None,compute,0,1669083013.0,,,1669083019.0,1669084441.0,1669084825.0,1669084825.0,1669084830.0,6.0,,1422.0,384.0,5.0,310.0,942051989.0,4.0,50.0,poseidon,insidecontainer,poseidon-worker-2-container-36-39,mDiffFit,/opt/Montage/bin/mDiffFit,,0.0,0,0
mDiffFit_ID0000393,hdd_5,compute,0,1669083013.0,,,1669083019.0,1669084441.0,1669084825.0,1669084825.0,1669084830.0,6.0,,1422.0,384.0,5.0,326.0,941971349.0,4.0,50.0,poseidon,insidecontainer,poseidon-worker-2-container-0-3,mDiffFit,/opt/Montage/bin/mDiffFit,,0.0,0,0
mDiffFit_ID0000382,None,compute,0,1669083013.0,,,1669083019.0,1669084441.0,1669084825.0,1669084825.0,1669084830.0,6.0,,1422.0,384.0,5.0,313.0,942051989.0,4.0,50.0,poseidon,insidecontainer,poseidon-worker-2-container-44-47,mDiffFit,/opt/Montage/bin/mDiffFit,,0.0,0,0
mDiffFit_ID0000370,hdd_5,compute,0,1669083013.0,,,1669083019.0,1669084442.0,1669084825.0,1669084825.0,1669084830.0,6.0,,1423.0,383.0,5.0,171.0,942011669.0,4.0,50.0,poseidon,insidecontainer,poseidon-worker-2-container-20-23,mDiffFit,/opt/Montage/bin/mDiffFit,,0.0,0,0
mDiffFit_ID0000362,None,compute,0,1669083013.0,,,1669083019.0,1669084371.0,1669084975.0,1669084975.0,1669084980.0,6.0,,1352.0,604.0,5.0,170.0,941971349.0,4.0,288.0,poseidon,insidecontainer,poseidon-worker-1-container-16-19,mDiffFit,/opt/Montage/bin/mDiffFit,,0.0,0,0
mDiffFit_ID0000413,hdd_5,compute,0,1669083013.0,,,1669083019.0,1669084012.0,1669084630.0,1669084630.0,1669084635.0,6.0,,993.0,618.0,5.0,194.0,942092309.0,4.0,50.0,poseidon,insidecontainer,poseidon-worker-1-container-24-27,mDiffFit,/opt/Montage/bin/mDiffFit,,0.0,0,0
mDiffFit_ID0000402,hdd_5,compute,0,1669083013.0,,,1669083019.0,1669084371.0,1669084975.0,1669084975.0,1669084980.0,6.0,,1352.0,604.0,5.0,170.0,941931029.0,4.0,50.0,poseidon,insidecontainer,poseidon-worker-1-container-40-43,mDiffFit,/opt/Montage/bin/mDiffFit,,0.0,0,0
mDiffFit_ID0000428,hdd_5,compute,0,1669083013.0,,,1669083019.0,1669084159.0,1669084630.0,1669084630.0,1669084635.0,6.0,,1140.0,471.0,5.0,189.0,942051989.0,4.0,50.0,poseidon,insidecontainer,poseidon-worker-1-container-28-31,mDiffFit,/opt/Montage/bin/mDiffFit,,0.0,0,0
mDiffFit_ID0000396,None,compute,0,1669083013.0,,,1669083019.0,1669084371.0,1669084975.0,1669084975.0,1669084980.0,6.0,,1352.0,604.0,5.0,168.0,941971349.0,4.0,290.0,poseidon,insidecontainer,poseidon-worker-1-container-4-7,mDiffFit,/opt/Montage/bin/mDiffFit,,0.0,0,0
mDiffFit_ID0000419,hdd_5,compute,0,1669083013.0,,,1669083018.0,1669083948.0,1669084425.0,1669084425.0,1669084430.0,5.0,,930.0,477.0,5.0,225.0,942011669.0,,,poseidon,insidecontainer,poseidon-worker-2-container-12-15,mDiffFit,/opt/Montage/bin/mDiffFit,,0.0,0,0
mDiffFit_ID0000421,hdd_5,compute,0,1669083013.0,,,1669083019.0,1669084014.0,1669084360.0,1669084360.0,1669084365.0,6.0,,995.0,346.0,5.0,163.0,942132629.0,4.0,50.0,poseidon,insidecontainer,poseidon-worker-1-container-40-43,mDiffFit,/opt/Montage/bin/mDiffFit,,0.0,0,0
mDiffFit_ID0000420,hdd_5,compute,0,1669083013.0,,,1669083019.0,1669084806.0,1669085181.0,1669085181.0,1669085186.0,6.0,,1787.0,375.0,5.0,56.0,942051989.0,4.0,50.0,poseidon,insidecontainer,poseidon-worker-1-container-12-15,mDiffFit,/opt/Montage/bin/mDiffFit,,0.0,0,0
mDiffFit_ID0000397,hdd_5,compute,0,1669083013.0,,,1669083019.0,1669084422.0,1669084825.0,1669084825.0,1669084830.0,6.0,,1403.0,403.0,5.0,326.0,942011669.0,4.0,50.0,poseidon,insidecontainer,poseidon-worker-2-container-8-11,mDiffFit,/opt/Montage/bin/mDiffFit,,0.0,0,0
mDiffFit_ID0000427,hdd_5,compute,0,1669083013.0,,,1669083019.0,1669084823.0,1669085050.0,1669085050.0,1669085055.0,6.0,,1804.0,227.0,5.0,29.0,941971349.0,4.0,283.0,poseidon,insidecontainer,poseidon-worker-2-container-20-23,mDiffFit,/opt/Montage/bin/mDiffFit,,0.0,0,0
mDiffFit_ID0000426,None,compute,0,1669083013.0,,,1669083019.0,1669083954.0,1669084360.0,1669084360.0,1669084365.0,6.0,,935.0,406.0,5.0,207.0,941931029.0,4.0,295.0,poseidon,insidecontainer,poseidon-worker-1-container-16-19,mDiffFit,/opt/Montage/bin/mDiffFit,,0.0,0,0
mDiffFit_ID0000398,hdd_5,compute,0,1669083013.0,,,1669083019.0,1669084423.0,1669084825.0,1669084825.0,1669084830.0,6.0,,1404.0,402.0,5.0,328.0,941931029.0,4.0,282.0,poseidon,insidecontainer,poseidon-worker-2-container-32-35,mDiffFit,/opt/Montage/bin/mDiffFit,,0.0,0,0
mDiffFit_ID0000411,hdd_5,compute,0,1669083013.0,,,1669083018.0,1669083948.0,1669084425.0,1669084425.0,1669084430.0,5.0,,930.0,477.0,5.0,169.0,941971349.0,,,poseidon,insidecontainer,poseidon-worker-2-container-32-35,mDiffFit,/opt/Montage/bin/mDiffFit,,0.0,0,0
mDiffFit_ID0000434,hdd_5,compute,0,1669083013.0,,,1669083019.0,1669084206.0,1669084445.0,1669084445.0,1669084450.0,6.0,,1187.0,239.0,5.0,30.0,942051989.0,5.0,284.0,poseidon,insidecontainer,poseidon-worker-2-container-20-23,mDiffFit,/opt/Montage/bin/mDiffFit,,0.0,0,0
mDiffFit_ID0000433,hdd_5,compute,0,1669083013.0,,,1669083019.0,1669084823.0,1669085050.0,1669085050.0,1669085055.0,6.0,,1804.0,227.0,5.0,31.0,941971349.0,4.0,291.0,poseidon,insidecontainer,poseidon-worker-2-container-24-27,mDiffFit,/opt/Montage/bin/mDiffFit,,0.0,0,0
register_insidecontainer_0_1,None,auxiliary,0,1669083013.0,,,1669083049.0,1669083049.0,1669083054.0,1669083054.0,1669083059.0,36.0,,0.0,5.0,5.0,,,,,poseidon,local,host-10-100-100-124.openstacklocal,pegasus::rc-client,/home/poseidon/pegasus-5.1.0panorama/bin/pegasus-rc-client,"-n pegasus::rc-client -N null -R local  -L montage -T 2022-10-16T23:19:56+00:00 /home/poseidon/pegasus-5.1.0panorama/bin/pegasus-rc-client --prefix pegasus.catalog.replica.output --conf /home/poseidon/workflows/montage-workflow-v3/submit/poseidon/pegasus/montage/run0273/pegasus.10338789111739614444.properties -v --meta /home/poseidon/workflows/montage-workflow-v3/submit/poseidon/pegasus/montage/run0273/00/00/mProject_ID0000171.meta,/home/poseidon/workflows/montage-workflow-v3/submit/poseidon/pegasus/montage/run0273/00/00/mProject_ID0000168.meta,/home/poseidon/workflows/montage-workflow-v3/submit/poseidon/pegasus/montage/run0273/00/00/mProject_ID0000161.meta,/home/poseidon/workflows/montage-workflow-v3/submit/poseidon/pegasus/montage/run0273/00/00/mProject_ID0000010.meta,/home/poseidon/workflows/montage-workflow-v3/submit/poseidon/pegasus/montage/run0273/00/00/mProject_ID0000326.meta,/home/poseidon/workflows/montage-workflow-v3/submit/poseidon/pegasus/montage/run0273/00/00/mProject_ID0000318.meta,/home/poseidon/workflows/montage-workflow-v3/submit/poseidon/pegasus/montage/run0273/00/00/mProject_ID0000001.meta,/home/poseidon/workflows/montage-workflow-v3/submit/poseidon/pegasus/montage/run0273/00/00/mProject_ID0000015.meta,/home/poseidon/workflows/montage-workflow-v3/submit/poseidon/pegasus/montage/run0273/00/00/mProject_ID0000004.meta,/home/poseidon/workflows/montage-workflow-v3/submit/poseidon/pegasus/montage/run0273/00/01/mProject_ID0000323.meta,/home/poseidon/workflows/montage-workflow-v3/submit/poseidon/pegasus/montage/run0273/00/00/mProject_ID0000173.meta,/home/poseidon/workflows/montage-workflow-v3/submit/poseidon/pegasus/montage/run0273/00/00/mProject_ID0000008.meta,/home/poseidon/workflows/montage-workflow-v3/submit/poseidon/pegasus/montage/run0273/00/00/mProject_ID0000321.meta,/home/poseidon/workflows/montage-workflow-v3/submit/poseidon/pegasus/montage/run0273/00/00/mProject_ID0000166.meta,/home/poseidon/workflows/montage-workflow-v3/submit/poseidon/pegasus/montage/run0273/00/00/mProject_ID0000328.meta,/home/poseidon/workflows/montage-workflow-v3/submit/poseidon/pegasus/montage/run0273/00/00/mProject_ID0000163.meta,/home/poseidon/workflows/montage-workflow-v3/submit/poseidon/pegasus/montage/run0273/00/00/mProject_ID0000013.meta,/home/poseidon/workflows/montage-workflow-v3/submit/poseidon/pegasus/montage/run0273/00/00/mProject_ID0000158.meta,/home/poseidon/workflows/montage-workflow-v3/submit/poseidon/pegasus/montage/run0273/00/00/mProject_ID0000316.meta --insert /home/poseidon/workflows/montage-workflow-v3/submit/poseidon/pegasus/montage/run0273/00/01/register_insidecontainer_0_1.in",3.1,0,0
mDiffFit_ID0000412,None,compute,0,1669083013.0,,,1669083019.0,1669084795.0,1669085131.0,1669085131.0,1669085136.0,6.0,,1776.0,336.0,5.0,175.0,942011669.0,4.0,50.0,poseidon,insidecontainer,poseidon-worker-1-container-0-3,mDiffFit,/opt/Montage/bin/mDiffFit,,0.0,0,0
mDiffFit_ID0000399,hdd_5,compute,0,1669083013.0,,,1669083019.0,1669084423.0,1669084825.0,1669084825.0,1669084830.0,6.0,,1404.0,402.0,5.0,327.0,941931029.0,4.0,292.0,poseidon,insidecontainer,poseidon-worker-2-container-4-7,mDiffFit,/opt/Montage/bin/mDiffFit,,0.0,0,0
register_insidecontainer_0_3,None,auxiliary,0,1669083013.0,,,1669083019.0,1669083019.0,1669083024.0,1669083024.0,1669083029.0,6.0,,0.0,5.0,5.0,,,,,poseidon,local,host-10-100-100-124.openstacklocal,pegasus::rc-client,/home/poseidon/pegasus-5.1.0panorama/bin/pegasus-rc-client,"-n pegasus::rc-client -N null -R local  -L montage -T 2022-10-16T23:19:56+00:00 /home/poseidon/pegasus-5.1.0panorama/bin/pegasus-rc-client --prefix pegasus.catalog.replica.output --conf /home/poseidon/workflows/montage-workflow-v3/submit/poseidon/pegasus/montage/run0273/pegasus.10338789111739614444.properties -v --meta /home/poseidon/workflows/montage-workflow-v3/submit/poseidon/pegasus/montage/run0273/00/00/mProject_ID0000167.meta,/home/poseidon/workflows/montage-workflow-v3/submit/poseidon/pegasus/montage/run0273/00/00/mProject_ID0000329.meta,/home/poseidon/workflows/montage-workflow-v3/submit/poseidon/pegasus/montage/run0273/00/00/mProject_ID0000005.meta,/home/poseidon/workflows/montage-workflow-v3/submit/poseidon/pegasus/montage/run0273/00/00/mProject_ID0000319.meta,/home/poseidon/workflows/montage-workflow-v3/submit/poseidon/pegasus/montage/run0273/00/00/mProject_ID0000014.meta,/home/poseidon/workflows/montage-workflow-v3/submit/poseidon/pegasus/montage/run0273/00/00/mProject_ID0000016.meta,/home/poseidon/workflows/montage-workflow-v3/submit/poseidon/pegasus/montage/run0273/00/00/mProject_ID0000322.meta,/home/poseidon/workflows/montage-workflow-v3/submit/poseidon/pegasus/montage/run0273/00/00/mProject_ID0000164.meta,/home/poseidon/workflows/montage-workflow-v3/submit/poseidon/pegasus/montage/run0273/00/00/mProject_ID0000162.meta,/home/poseidon/workflows/montage-workflow-v3/submit/poseidon/pegasus/montage/run0273/00/01/mProject_ID0000324.meta,/home/poseidon/workflows/montage-workflow-v3/submit/poseidon/pegasus/montage/run0273/00/00/mProject_ID0000169.meta,/home/poseidon/workflows/montage-workflow-v3/submit/poseidon/pegasus/montage/run0273/00/00/mProject_ID0000172.meta,/home/poseidon/workflows/montage-workflow-v3/submit/poseidon/pegasus/montage/run0273/00/00/mProject_ID0000011.meta,/home/poseidon/workflows/montage-workflow-v3/submit/poseidon/pegasus/montage/run0273/00/00/mProject_ID0000317.meta,/home/poseidon/workflows/montage-workflow-v3/submit/poseidon/pegasus/montage/run0273/00/00/mProject_ID0000159.meta,/home/poseidon/workflows/montage-workflow-v3/submit/poseidon/pegasus/montage/run0273/00/00/mProject_ID0000002.meta,/home/poseidon/workflows/montage-workflow-v3/submit/poseidon/pegasus/montage/run0273/00/00/mProject_ID0000009.meta,/home/poseidon/workflows/montage-workflow-v3/submit/poseidon/pegasus/montage/run0273/00/00/mProject_ID0000327.meta,/home/poseidon/workflows/montage-workflow-v3/submit/poseidon/pegasus/montage/run0273/00/00/mProject_ID0000006.meta --insert /home/poseidon/workflows/montage-workflow-v3/submit/poseidon/pegasus/montage/run0273/00/01/register_insidecontainer_0_3.in",3.1,0,0
mViewer_ID0000314,None,compute,0,1669083019.0,,,1669083024.0,1669083170.0,1669083569.0,1669083569.0,1669083574.0,5.0,,146.0,399.0,5.0,179.0,833495872.0,5.0,7212640.0,poseidon,insidecontainer,poseidon-worker-1-container-0-3,mViewer,/opt/Montage/bin/mViewer,,4.2,0,0
mImgtbl_ID0000155,hdd_5,compute,0,1669083589.0,,,1669083594.0,1669083595.0,1669083950.0,1669083950.0,1669083955.0,5.0,,1.0,355.0,5.0,183.0,1581074672.0,4.0,7778.0,poseidon,insidecontainer,poseidon-worker-2-container-12-15,mImgtbl,/opt/Montage/bin/mImgtbl,,0.1,0,0
mAdd_ID0000156,hdd_5,compute,0,1669083955.0,,,1669083960.0,1669084012.0,1669084800.0,1669084800.0,1669084805.0,5.0,,52.0,788.0,5.0,472.0,2432338807.0,9.0,207365760.0,poseidon,insidecontainer,poseidon-worker-1-container-12-15,mAdd,/opt/Montage/bin/mAdd,,1.2,0,0
register_insidecontainer_1_7,None,auxiliary,0,1669083960.0,,,1669083965.0,1669083966.0,1669083970.0,1669083970.0,1669083975.0,5.0,,1.0,4.0,5.0,,,,,poseidon,local,host-10-100-100-124.openstacklocal,pegasus::rc-client,/home/poseidon/pegasus-5.1.0panorama/bin/pegasus-rc-client,"-n pegasus::rc-client -N null -R local  -L montage -T 2022-10-16T23:19:56+00:00 /home/poseidon/pegasus-5.1.0panorama/bin/pegasus-rc-client --prefix pegasus.catalog.replica.output --conf /home/poseidon/workflows/montage-workflow-v3/submit/poseidon/pegasus/montage/run0273/pegasus.10338789111739614444.properties -v --meta /home/poseidon/workflows/montage-workflow-v3/submit/poseidon/pegasus/montage/run0273/00/07/mDiffFit_ID0000408.meta,/home/poseidon/workflows/montage-workflow-v3/submit/poseidon/pegasus/montage/run0273/00/04/mDiffFit_ID0000127.meta,/home/poseidon/workflows/montage-workflow-v3/submit/poseidon/pegasus/montage/run0273/00/05/mDiffFit_ID0000120.meta,/home/poseidon/workflows/montage-workflow-v3/submit/poseidon/pegasus/montage/run0273/00/02/mDiffFit_ID0000225.meta,/home/poseidon/workflows/montage-workflow-v3/submit/poseidon/pegasus/montage/run0273/00/03/mDiffFit_ID0000265.meta,/home/poseidon/workflows/montage-workflow-v3/submit/poseidon/pegasus/montage/run0273/00/07/mDiffFit_ID0000409.meta,/home/poseidon/workflows/montage-workflow-v3/submit/poseidon/pegasus/montage/run0273/00/06/mDiffFit_ID0000380.meta,/home/poseidon/workflows/montage-workflow-v3/submit/poseidon/pegasus/montage/run0273/00/02/mDiffFit_ID0000251.meta,/home/poseidon/workflows/montage-workflow-v3/submit/poseidon/pegasus/montage/run0273/00/04/mDiffFit_ID0000034.meta,/home/poseidon/workflows/montage-workflow-v3/submit/poseidon/pegasus/montage/run0273/00/01/mDiffFit_ID0000216.meta --insert /home/poseidon/workflows/montage-workflow-v3/submit/poseidon/pegasus/montage/run0273/00/08/register_insidecontainer_1_7.in",3.1,0,0
register_insidecontainer_1_8,None,auxiliary,0,1669083960.0,,,1669083975.0,1669083975.0,1669083980.0,1669083980.0,1669083985.0,15.0,,0.0,5.0,5.0,,,,,poseidon,local,host-10-100-100-124.openstacklocal,pegasus::rc-client,/home/poseidon/pegasus-5.1.0panorama/bin/pegasus-rc-client,"-n pegasus::rc-client -N null -R local  -L montage -T 2022-10-16T23:19:56+00:00 /home/poseidon/pegasus-5.1.0panorama/bin/pegasus-rc-client --prefix pegasus.catalog.replica.output --conf /home/poseidon/workflows/montage-workflow-v3/submit/poseidon/pegasus/montage/run0273/pegasus.10338789111739614444.properties -v --meta /home/poseidon/workflows/montage-workflow-v3/submit/poseidon/pegasus/montage/run0273/00/04/mDiffFit_ID0000028.meta,/home/poseidon/workflows/montage-workflow-v3/submit/poseidon/pegasus/montage/run0273/00/04/mDiffFit_ID0000020.meta,/home/poseidon/workflows/montage-workflow-v3/submit/poseidon/pegasus/montage/run0273/00/02/mDiffFit_ID0000213.meta,/home/poseidon/workflows/montage-workflow-v3/submit/poseidon/pegasus/montage/run0273/00/07/mDiffFit_ID0000336.meta,/home/poseidon/workflows/montage-workflow-v3/submit/poseidon/pegasus/montage/run0273/00/07/mDiffFit_ID0000416.meta,/home/poseidon/workflows/montage-workflow-v3/submit/poseidon/pegasus/montage/run0273/00/06/mDiffFit_ID0000391.meta,/home/poseidon/workflows/montage-workflow-v3/submit/poseidon/pegasus/montage/run0273/00/05/mDiffFit_ID0000030.meta,/home/poseidon/workflows/montage-workflow-v3/submit/poseidon/pegasus/montage/run0273/00/02/mDiffFit_ID0000182.meta,/home/poseidon/workflows/montage-workflow-v3/submit/poseidon/pegasus/montage/run0273/00/01/mDiffFit_ID0000204.meta,/home/poseidon/workflows/montage-workflow-v3/submit/poseidon/pegasus/montage/run0273/00/03/mDiffFit_ID0000272.meta --insert /home/poseidon/workflows/montage-workflow-v3/submit/poseidon/pegasus/montage/run0273/00/08/register_insidecontainer_1_8.in",2.9,0,0
register_insidecontainer_1_30,None,auxiliary,0,1669084265.0,,,1669084270.0,1669084270.0,1669084275.0,1669084275.0,1669084280.0,5.0,,0.0,5.0,5.0,,,,,poseidon,local,host-10-100-100-124.openstacklocal,pegasus::rc-client,/home/poseidon/pegasus-5.1.0panorama/bin/pegasus-rc-client,"-n pegasus::rc-client -N null -R local  -L montage -T 2022-10-16T23:19:56+00:00 /home/poseidon/pegasus-5.1.0panorama/bin/pegasus-rc-client --prefix pegasus.catalog.replica.output --conf /home/poseidon/workflows/montage-workflow-v3/submit/poseidon/pegasus/montage/run0273/pegasus.10338789111739614444.properties -v --meta /home/poseidon/workflows/montage-workflow-v3/submit/poseidon/pegasus/montage/run0273/00/06/mDiffFit_ID0000394.meta,/home/poseidon/workflows/montage-workflow-v3/submit/poseidon/pegasus/montage/run0273/00/05/mDiffFit_ID0000098.meta,/home/poseidon/workflows/montage-workflow-v3/submit/poseidon/pegasus/montage/run0273/00/04/mDiffFit_ID0000095.meta,/home/poseidon/workflows/montage-workflow-v3/submit/poseidon/pegasus/montage/run0273/00/06/mDiffFit_ID0000348.meta,/home/poseidon/workflows/montage-workflow-v3/submit/poseidon/pegasus/montage/run0273/00/03/mDiffFit_ID0000264.meta,/home/poseidon/workflows/montage-workflow-v3/submit/poseidon/pegasus/montage/run0273/00/03/mDiffFit_ID0000032.meta,/home/poseidon/workflows/montage-workflow-v3/submit/poseidon/pegasus/montage/run0273/00/07/mDiffFit_ID0000407.meta,/home/poseidon/workflows/montage-workflow-v3/submit/poseidon/pegasus/montage/run0273/00/08/mDiffFit_ID0000444.meta,/home/poseidon/workflows/montage-workflow-v3/submit/poseidon/pegasus/montage/run0273/00/01/mDiffFit_ID0000258.meta,/home/poseidon/workflows/montage-workflow-v3/submit/poseidon/pegasus/montage/run0273/00/02/mDiffFit_ID0000280.meta --insert /home/poseidon/workflows/montage-workflow-v3/submit/poseidon/pegasus/montage/run0273/00/08/register_insidecontainer_1_30.in",3.0,0,0
register_insidecontainer_1_29,None,auxiliary,0,1669084365.0,,,1669084380.0,1669084380.0,1669084385.0,1669084385.0,1669084390.0,15.0,,0.0,5.0,5.0,,,,,poseidon,local,host-10-100-100-124.openstacklocal,pegasus::rc-client,/home/poseidon/pegasus-5.1.0panorama/bin/pegasus-rc-client,"-n pegasus::rc-client -N null -R local  -L montage -T 2022-10-16T23:19:56+00:00 /home/poseidon/pegasus-5.1.0panorama/bin/pegasus-rc-client --prefix pegasus.catalog.replica.output --conf /home/poseidon/workflows/montage-workflow-v3/submit/poseidon/pegasus/montage/run0273/pegasus.10338789111739614444.properties -v --meta /home/poseidon/workflows/montage-workflow-v3/submit/poseidon/pegasus/montage/run0273/00/08/mDiffFit_ID0000345.meta,/home/poseidon/workflows/montage-workflow-v3/submit/poseidon/pegasus/montage/run0273/00/07/mDiffFit_ID0000351.meta,/home/poseidon/workflows/montage-workflow-v3/submit/poseidon/pegasus/montage/run0273/00/03/mDiffFit_ID0000048.meta,/home/poseidon/workflows/montage-workflow-v3/submit/poseidon/pegasus/montage/run0273/00/02/mDiffFit_ID0000261.meta,/home/poseidon/workflows/montage-workflow-v3/submit/poseidon/pegasus/montage/run0273/00/03/mDiffFit_ID0000187.meta,/home/poseidon/workflows/montage-workflow-v3/submit/poseidon/pegasus/montage/run0273/00/01/mDiffFit_ID0000208.meta,/home/poseidon/workflows/montage-workflow-v3/submit/poseidon/pegasus/montage/run0273/00/04/mDiffFit_ID0000040.meta,/home/poseidon/workflows/montage-workflow-v3/submit/poseidon/pegasus/montage/run0273/00/06/mDiffFit_ID0000360.meta,/home/poseidon/workflows/montage-workflow-v3/submit/poseidon/pegasus/montage/run0273/00/05/mDiffFit_ID0000131.meta,/home/poseidon/workflows/montage-workflow-v3/submit/poseidon/pegasus/montage/run0273/00/06/mDiffFit_ID0000344.meta --insert /home/poseidon/workflows/montage-workflow-v3/submit/poseidon/pegasus/montage/run0273/00/08/register_insidecontainer_1_29.in",3.0,0,0
register_insidecontainer_1_27,None,auxiliary,0,1669084365.0,,,1669084370.0,1669084370.0,1669084375.0,1669084375.0,1669084380.0,5.0,,0.0,5.0,5.0,,,,,poseidon,local,host-10-100-100-124.openstacklocal,pegasus::rc-client,/home/poseidon/pegasus-5.1.0panorama/bin/pegasus-rc-client,"-n pegasus::rc-client -N null -R local  -L montage -T 2022-10-16T23:19:56+00:00 /home/poseidon/pegasus-5.1.0panorama/bin/pegasus-rc-client --prefix pegasus.catalog.replica.output --conf /home/poseidon/workflows/montage-workflow-v3/submit/poseidon/pegasus/montage/run0273/pegasus.10338789111739614444.properties -v --meta /home/poseidon/workflows/montage-workflow-v3/submit/poseidon/pegasus/montage/run0273/00/04/mDiffFit_ID0000053.meta,/home/poseidon/workflows/montage-workflow-v3/submit/poseidon/pegasus/montage/run0273/00/03/mDiffFit_ID0000018.meta,/home/poseidon/workflows/montage-workflow-v3/submit/poseidon/pegasus/montage/run0273/00/06/mDiffFit_ID0000347.meta,/home/poseidon/workflows/montage-workflow-v3/submit/poseidon/pegasus/montage/run0273/00/08/mDiffFit_ID0000435.meta,/home/poseidon/workflows/montage-workflow-v3/submit/poseidon/pegasus/montage/run0273/00/02/mDiffFit_ID0000274.meta,/home/poseidon/workflows/montage-workflow-v3/submit/poseidon/pegasus/montage/run0273/00/06/mDiffFit_ID0000358.meta,/home/poseidon/workflows/montage-workflow-v3/submit/poseidon/pegasus/montage/run0273/00/07/mDiffFit_ID0000364.meta,/home/poseidon/workflows/montage-workflow-v3/submit/poseidon/pegasus/montage/run0273/00/03/mDiffFit_ID0000277.meta,/home/poseidon/workflows/montage-workflow-v3/submit/poseidon/pegasus/montage/run0273/00/01/mDiffFit_ID0000194.meta,/home/poseidon/workflows/montage-workflow-v3/submit/poseidon/pegasus/montage/run0273/00/05/mDiffFit_ID0000056.meta --insert /home/poseidon/workflows/montage-workflow-v3/submit/poseidon/pegasus/montage/run0273/00/08/register_insidecontainer_1_27.in",2.9,0,0
register_insidecontainer_1_24,None,auxiliary,0,1669084365.0,,,1669084390.0,1669084390.0,1669084395.0,1669084395.0,1669084400.0,25.0,,0.0,5.0,5.0,,,,,poseidon,local,host-10-100-100-124.openstacklocal,pegasus::rc-client,/home/poseidon/pegasus-5.1.0panorama/bin/pegasus-rc-client,"-n pegasus::rc-client -N null -R local  -L montage -T 2022-10-16T23:19:56+00:00 /home/poseidon/pegasus-5.1.0panorama/bin/pegasus-rc-client --prefix pegasus.catalog.replica.output --conf /home/poseidon/workflows/montage-workflow-v3/submit/poseidon/pegasus/montage/run0273/pegasus.10338789111739614444.properties -v --meta /home/poseidon/workflows/montage-workflow-v3/submit/poseidon/pegasus/montage/run0273/00/02/mDiffFit_ID0000211.meta,/home/poseidon/workflows/montage-workflow-v3/submit/poseidon/pegasus/montage/run0273/00/05/mDiffFit_ID0000331.meta,/home/poseidon/workflows/montage-workflow-v3/submit/poseidon/pegasus/montage/run0273/00/03/mDiffFit_ID0000201.meta,/home/poseidon/workflows/montage-workflow-v3/submit/poseidon/pegasus/montage/run0273/00/01/mDiffFit_ID0000249.meta,/home/poseidon/workflows/montage-workflow-v3/submit/poseidon/pegasus/montage/run0273/00/04/mDiffFit_ID0000110.meta,/home/poseidon/workflows/montage-workflow-v3/submit/poseidon/pegasus/montage/run0273/00/05/mDiffFit_ID0000068.meta,/home/poseidon/workflows/montage-workflow-v3/submit/poseidon/pegasus/montage/run0273/00/06/mDiffFit_ID0000439.meta,/home/poseidon/workflows/montage-workflow-v3/submit/poseidon/pegasus/montage/run0273/00/07/mDiffFit_ID0000376.meta,/home/poseidon/workflows/montage-workflow-v3/submit/poseidon/pegasus/montage/run0273/00/03/mDiffFit_ID0000037.meta,/home/poseidon/workflows/montage-workflow-v3/submit/poseidon/pegasus/montage/run0273/00/08/mDiffFit_ID0000447.meta --insert /home/poseidon/workflows/montage-workflow-v3/submit/poseidon/pegasus/montage/run0273/00/08/register_insidecontainer_1_24.in",2.9,0,0
register_insidecontainer_1_14,None,auxiliary,0,1669084430.0,,,1669084445.0,1669084445.0,1669084450.0,1669084450.0,1669084455.0,15.0,,0.0,5.0,5.0,,,,,poseidon,local,host-10-100-100-124.openstacklocal,pegasus::rc-client,/home/poseidon/pegasus-5.1.0panorama/bin/pegasus-rc-client,"-n pegasus::rc-client -N null -R local  -L montage -T 2022-10-16T23:19:56+00:00 /home/poseidon/pegasus-5.1.0panorama/bin/pegasus-rc-client --prefix pegasus.catalog.replica.output --conf /home/poseidon/workflows/montage-workflow-v3/submit/poseidon/pegasus/montage/run0273/pegasus.10338789111739614444.properties -v --meta /home/poseidon/workflows/montage-workflow-v3/submit/poseidon/pegasus/montage/run0273/00/07/mDiffFit_ID0000389.meta,/home/poseidon/workflows/montage-workflow-v3/submit/poseidon/pegasus/montage/run0273/00/05/mDiffFit_ID0000126.meta,/home/poseidon/workflows/montage-workflow-v3/submit/poseidon/pegasus/montage/run0273/00/06/mDiffFit_ID0000381.meta,/home/poseidon/workflows/montage-workflow-v3/submit/poseidon/pegasus/montage/run0273/00/01/mDiffFit_ID0000178.meta,/home/poseidon/workflows/montage-workflow-v3/submit/poseidon/pegasus/montage/run0273/00/02/mDiffFit_ID0000263.meta,/home/poseidon/workflows/montage-workflow-v3/submit/poseidon/pegasus/montage/run0273/00/04/mDiffFit_ID0000025.meta,/home/poseidon/workflows/montage-workflow-v3/submit/poseidon/pegasus/montage/run0273/00/03/mDiffFit_ID0000083.meta,/home/poseidon/workflows/montage-workflow-v3/submit/poseidon/pegasus/montage/run0273/00/05/mDiffFit_ID0000088.meta,/home/poseidon/workflows/montage-workflow-v3/submit/poseidon/pegasus/montage/run0273/00/07/mDiffFit_ID0000386.meta,/home/poseidon/workflows/montage-workflow-v3/submit/poseidon/pegasus/montage/run0273/00/02/mDiffFit_ID0000197.meta --insert /home/poseidon/workflows/montage-workflow-v3/submit/poseidon/pegasus/montage/run0273/00/08/register_insidecontainer_1_14.in",3.0,0,0
register_insidecontainer_1_12,None,auxiliary,0,1669084430.0,,,1669084435.0,1669084435.0,1669084440.0,1669084440.0,1669084445.0,5.0,,0.0,5.0,5.0,,,,,poseidon,local,host-10-100-100-124.openstacklocal,pegasus::rc-client,/home/poseidon/pegasus-5.1.0panorama/bin/pegasus-rc-client,"-n pegasus::rc-client -N null -R local  -L montage -T 2022-10-16T23:19:56+00:00 /home/poseidon/pegasus-5.1.0panorama/bin/pegasus-rc-client --prefix pegasus.catalog.replica.output --conf /home/poseidon/workflows/montage-workflow-v3/submit/poseidon/pegasus/montage/run0273/pegasus.10338789111739614444.properties -v --meta /home/poseidon/workflows/montage-workflow-v3/submit/poseidon/pegasus/montage/run0273/00/05/mDiffFit_ID0000078.meta,/home/poseidon/workflows/montage-workflow-v3/submit/poseidon/pegasus/montage/run0273/00/02/mDiffFit_ID0000200.meta,/home/poseidon/workflows/montage-workflow-v3/submit/poseidon/pegasus/montage/run0273/00/03/mDiffFit_ID0000082.meta,/home/poseidon/workflows/montage-workflow-v3/submit/poseidon/pegasus/montage/run0273/00/05/mDiffFit_ID0000108.meta,/home/poseidon/workflows/montage-workflow-v3/submit/poseidon/pegasus/montage/run0273/00/07/mDiffFit_ID0000378.meta,/home/poseidon/workflows/montage-workflow-v3/submit/poseidon/pegasus/montage/run0273/00/02/mDiffFit_ID0000243.meta,/home/poseidon/workflows/montage-workflow-v3/submit/poseidon/pegasus/montage/run0273/00/01/mDiffFit_ID0000217.meta,/home/poseidon/workflows/montage-workflow-v3/submit/poseidon/pegasus/montage/run0273/00/06/mDiffFit_ID0000441.meta,/home/poseidon/workflows/montage-workflow-v3/submit/poseidon/pegasus/montage/run0273/00/04/mDiffFit_ID0000109.meta,/home/poseidon/workflows/montage-workflow-v3/submit/poseidon/pegasus/montage/run0273/00/07/mDiffFit_ID0000410.meta --insert /home/poseidon/workflows/montage-workflow-v3/submit/poseidon/pegasus/montage/run0273/00/08/register_insidecontainer_1_12.in",3.0,0,0
register_insidecontainer_1_11,None,auxiliary,0,1669084450.0,,,1669084465.0,1669084466.0,1669084470.0,1669084470.0,1669084475.0,15.0,,1.0,4.0,5.0,,,,,poseidon,local,host-10-100-100-124.openstacklocal,pegasus::rc-client,/home/poseidon/pegasus-5.1.0panorama/bin/pegasus-rc-client,"-n pegasus::rc-client -N null -R local  -L montage -T 2022-10-16T23:19:56+00:00 /home/poseidon/pegasus-5.1.0panorama/bin/pegasus-rc-client --prefix pegasus.catalog.replica.output --conf /home/poseidon/workflows/montage-workflow-v3/submit/poseidon/pegasus/montage/run0273/pegasus.10338789111739614444.properties -v --meta /home/poseidon/workflows/montage-workflow-v3/submit/poseidon/pegasus/montage/run0273/00/02/mDiffFit_ID0000222.meta,/home/poseidon/workflows/montage-workflow-v3/submit/poseidon/pegasus/montage/run0273/00/07/mDiffFit_ID0000411.meta,/home/poseidon/workflows/montage-workflow-v3/submit/poseidon/pegasus/montage/run0273/00/05/mDiffFit_ID0000112.meta,/home/poseidon/workflows/montage-workflow-v3/submit/poseidon/pegasus/montage/run0273/00/04/mDiffFit_ID0000072.meta,/home/poseidon/workflows/montage-workflow-v3/submit/poseidon/pegasus/montage/run0273/00/02/mDiffFit_ID0000288.meta,/home/poseidon/workflows/montage-workflow-v3/submit/poseidon/pegasus/montage/run0273/00/03/mDiffFit_ID0000292.meta,/home/poseidon/workflows/montage-workflow-v3/submit/poseidon/pegasus/montage/run0273/00/07/mDiffFit_ID0000434.meta,/home/poseidon/workflows/montage-workflow-v3/submit/poseidon/pegasus/montage/run0273/00/06/mDiffFit_ID0000356.meta,/home/poseidon/workflows/montage-workflow-v3/submit/poseidon/pegasus/montage/run0273/00/01/mDiffFit_ID0000228.meta,/home/poseidon/workflows/montage-workflow-v3/submit/poseidon/pegasus/montage/run0273/00/05/mDiffFit_ID0000091.meta --insert /home/poseidon/workflows/montage-workflow-v3/submit/poseidon/pegasus/montage/run0273/00/08/register_insidecontainer_1_11.in",3.0,0,0
register_insidecontainer_1_33,None,auxiliary,0,1669084450.0,,,1669084455.0,1669084455.0,1669084460.0,1669084460.0,1669084465.0,5.0,,0.0,5.0,5.0,,,,,poseidon,local,host-10-100-100-124.openstacklocal,pegasus::rc-client,/home/poseidon/pegasus-5.1.0panorama/bin/pegasus-rc-client,"-n pegasus::rc-client -N null -R local  -L montage -T 2022-10-16T23:19:56+00:00 /home/poseidon/pegasus-5.1.0panorama/bin/pegasus-rc-client --prefix pegasus.catalog.replica.output --conf /home/poseidon/workflows/montage-workflow-v3/submit/poseidon/pegasus/montage/run0273/pegasus.10338789111739614444.properties -v --meta /home/poseidon/workflows/montage-workflow-v3/submit/poseidon/pegasus/montage/run0273/00/03/mDiffFit_ID0000290.meta,/home/poseidon/workflows/montage-workflow-v3/submit/poseidon/pegasus/montage/run0273/00/07/mDiffFit_ID0000415.meta,/home/poseidon/workflows/montage-workflow-v3/submit/poseidon/pegasus/montage/run0273/00/04/mDiffFit_ID0000104.meta,/home/poseidon/workflows/montage-workflow-v3/submit/poseidon/pegasus/montage/run0273/00/02/mDiffFit_ID0000224.meta,/home/poseidon/workflows/montage-workflow-v3/submit/poseidon/pegasus/montage/run0273/00/05/mDiffFit_ID0000129.meta,/home/poseidon/workflows/montage-workflow-v3/submit/poseidon/pegasus/montage/run0273/00/04/mDiffFit_ID0000060.meta,/home/poseidon/workflows/montage-workflow-v3/submit/poseidon/pegasus/montage/run0273/00/08/mDiffFit_ID0000450.meta,/home/poseidon/workflows/montage-workflow-v3/submit/poseidon/pegasus/montage/run0273/00/06/mDiffFit_ID0000349.meta,/home/poseidon/workflows/montage-workflow-v3/submit/poseidon/pegasus/montage/run0273/00/01/mDiffFit_ID0000241.meta,/home/poseidon/workflows/montage-workflow-v3/submit/poseidon/pegasus/montage/run0273/00/06/mDiffFit_ID0000361.meta --insert /home/poseidon/workflows/montage-workflow-v3/submit/poseidon/pegasus/montage/run0273/00/09/register_insidecontainer_1_33.in",3.0,0,0
register_insidecontainer_1_31,None,auxiliary,0,1669084635.0,,,1669084640.0,1669084640.0,1669084645.0,1669084645.0,1669084650.0,5.0,,0.0,5.0,5.0,,,,,poseidon,local,host-10-100-100-124.openstacklocal,pegasus::rc-client,/home/poseidon/pegasus-5.1.0panorama/bin/pegasus-rc-client,"-n pegasus::rc-client -N null -R local  -L montage -T 2022-10-16T23:19:56+00:00 /home/poseidon/pegasus-5.1.0panorama/bin/pegasus-rc-client --prefix pegasus.catalog.replica.output --conf /home/poseidon/workflows/montage-workflow-v3/submit/poseidon/pegasus/montage/run0273/pegasus.10338789111739614444.properties -v --meta /home/poseidon/workflows/montage-workflow-v3/submit/poseidon/pegasus/montage/run0273/00/02/mDiffFit_ID0000269.meta,/home/poseidon/workflows/montage-workflow-v3/submit/poseidon/pegasus/montage/run0273/00/05/mDiffFit_ID0000080.meta,/home/poseidon/workflows/montage-workflow-v3/submit/poseidon/pegasus/montage/run0273/00/07/mDiffFit_ID0000428.meta,/home/poseidon/workflows/montage-workflow-v3/submit/poseidon/pegasus/montage/run0273/00/08/mDiffFit_ID0000440.meta,/home/poseidon/workflows/montage-workflow-v3/submit/poseidon/pegasus/montage/run0273/00/03/mDiffFit_ID0000271.meta,/home/poseidon/workflows/montage-workflow-v3/submit/poseidon/pegasus/montage/run0273/00/03/mDiffFit_ID0000051.meta,/home/poseidon/workflows/montage-workflow-v3/submit/poseidon/pegasus/montage/run0273/00/04/mDiffFit_ID0000117.meta,/home/poseidon/workflows/montage-workflow-v3/submit/poseidon/pegasus/montage/run0273/00/06/mDiffFit_ID0000334.meta,/home/poseidon/workflows/montage-workflow-v3/submit/poseidon/pegasus/montage/run0273/00/06/mDiffFit_ID0000383.meta,/home/poseidon/workflows/montage-workflow-v3/submit/poseidon/pegasus/montage/run0273/00/01/mDiffFit_ID0000231.meta --insert /home/poseidon/workflows/montage-workflow-v3/submit/poseidon/pegasus/montage/run0273/00/08/register_insidecontainer_1_31.in",3.0,0,0
register_insidecontainer_1_9,None,auxiliary,0,1669084635.0,,,1669084650.0,1669084650.0,1669084655.0,1669084655.0,1669084660.0,15.0,,0.0,5.0,5.0,,,,,poseidon,local,host-10-100-100-124.openstacklocal,pegasus::rc-client,/home/poseidon/pegasus-5.1.0panorama/bin/pegasus-rc-client,"-n pegasus::rc-client -N null -R local  -L montage -T 2022-10-16T23:19:56+00:00 /home/poseidon/pegasus-5.1.0panorama/bin/pegasus-rc-client --prefix pegasus.catalog.replica.output --conf /home/poseidon/workflows/montage-workflow-v3/submit/poseidon/pegasus/montage/run0273/pegasus.10338789111739614444.properties -v --meta /home/poseidon/workflows/montage-workflow-v3/submit/poseidon/pegasus/montage/run0273/00/07/mDiffFit_ID0000413.meta,/home/poseidon/workflows/montage-workflow-v3/submit/poseidon/pegasus/montage/run0273/00/05/mDiffFit_ID0000070.meta,/home/poseidon/workflows/montage-workflow-v3/submit/poseidon/pegasus/montage/run0273/00/02/mDiffFit_ID0000267.meta,/home/poseidon/workflows/montage-workflow-v3/submit/poseidon/pegasus/montage/run0273/00/01/mDiffFit_ID0000177.meta,/home/poseidon/workflows/montage-workflow-v3/submit/poseidon/pegasus/montage/run0273/00/04/mDiffFit_ID0000105.meta,/home/poseidon/workflows/montage-workflow-v3/submit/poseidon/pegasus/montage/run0273/00/03/mDiffFit_ID0000283.meta,/home/poseidon/workflows/montage-workflow-v3/submit/poseidon/pegasus/montage/run0273/00/06/mDiffFit_ID0000437.meta,/home/poseidon/workflows/montage-workflow-v3/submit/poseidon/pegasus/montage/run0273/00/04/mDiffFit_ID0000074.meta,/home/poseidon/workflows/montage-workflow-v3/submit/poseidon/pegasus/montage/run0273/00/07/mDiffFit_ID0000339.meta,/home/poseidon/workflows/montage-workflow-v3/submit/poseidon/pegasus/montage/run0273/00/02/mDiffFit_ID0000246.meta --insert /home/poseidon/workflows/montage-workflow-v3/submit/poseidon/pegasus/montage/run0273/00/08/register_insidecontainer_1_9.in",3.0,0,0
register_insidecontainer_1_34,None,auxiliary,0,1669084800.0,,,1669084805.0,1669084805.0,1669084810.0,1669084810.0,1669084815.0,5.0,,0.0,5.0,5.0,,,,,poseidon,local,host-10-100-100-124.openstacklocal,pegasus::rc-client,/home/poseidon/pegasus-5.1.0panorama/bin/pegasus-rc-client,"-n pegasus::rc-client -N null -R local  -L montage -T 2022-10-16T23:19:56+00:00 /home/poseidon/pegasus-5.1.0panorama/bin/pegasus-rc-client --prefix pegasus.catalog.replica.output --conf /home/poseidon/workflows/montage-workflow-v3/submit/poseidon/pegasus/montage/run0273/pegasus.10338789111739614444.properties -v --meta /home/poseidon/workflows/montage-workflow-v3/submit/poseidon/pegasus/montage/run0273/00/04/mDiffFit_ID0000019.meta,/home/poseidon/workflows/montage-workflow-v3/submit/poseidon/pegasus/montage/run0273/00/01/mDiffFit_ID0000195.meta,/home/poseidon/workflows/montage-workflow-v3/submit/poseidon/pegasus/montage/run0273/00/06/mDiffFit_ID0000404.meta,/home/poseidon/workflows/montage-workflow-v3/submit/poseidon/pegasus/montage/run0273/00/07/mDiffFit_ID0000338.meta,/home/poseidon/workflows/montage-workflow-v3/submit/poseidon/pegasus/montage/run0273/00/05/mDiffFit_ID0000107.meta,/home/poseidon/workflows/montage-workflow-v3/submit/poseidon/pegasus/montage/run0273/00/03/mDiffFit_ID0000238.meta,/home/poseidon/workflows/montage-workflow-v3/submit/poseidon/pegasus/montage/run0273/00/06/mDiffFit_ID0000390.meta,/home/poseidon/workflows/montage-workflow-v3/submit/poseidon/pegasus/montage/run0273/00/02/mDiffFit_ID0000212.meta,/home/poseidon/workflows/montage-workflow-v3/submit/poseidon/pegasus/montage/run0273/00/04/mDiffFit_ID0000111.meta,/home/poseidon/workflows/montage-workflow-v3/submit/poseidon/pegasus/montage/run0273/00/08/mDiffFit_ID0000395.meta --insert /home/poseidon/workflows/montage-workflow-v3/submit/poseidon/pegasus/montage/run0273/00/09/register_insidecontainer_1_34.in",3.0,0,0
mViewer_ID0000157,hdd_5,compute,0,1669084805.0,,,1669084810.0,1669084822.0,1669085055.0,1669085055.0,1669085060.0,5.0,,12.0,233.0,5.0,30.0,833495872.0,5.0,4830464.0,poseidon,insidecontainer,poseidon-worker-2-container-28-31,mViewer,/opt/Montage/bin/mViewer,,4.6,0,0
register_insidecontainer_1_19,None,auxiliary,0,1669084830.0,,,1669084835.0,1669084835.0,1669084840.0,1669084840.0,1669084845.0,5.0,,0.0,5.0,5.0,,,,,poseidon,local,host-10-100-100-124.openstacklocal,pegasus::rc-client,/home/poseidon/pegasus-5.1.0panorama/bin/pegasus-rc-client,"-n pegasus::rc-client -N null -R local  -L montage -T 2022-10-16T23:19:56+00:00 /home/poseidon/pegasus-5.1.0panorama/bin/pegasus-rc-client --prefix pegasus.catalog.replica.output --conf /home/poseidon/workflows/montage-workflow-v3/submit/poseidon/pegasus/montage/run0273/pegasus.10338789111739614444.properties -v --meta /home/poseidon/workflows/montage-workflow-v3/submit/poseidon/pegasus/montage/run0273/00/03/mDiffFit_ID0000291.meta,/home/poseidon/workflows/montage-workflow-v3/submit/poseidon/pegasus/montage/run0273/00/01/mDiffFit_ID0000179.meta,/home/poseidon/workflows/montage-workflow-v3/submit/poseidon/pegasus/montage/run0273/00/08/mDiffFit_ID0000353.meta,/home/poseidon/workflows/montage-workflow-v3/submit/poseidon/pegasus/montage/run0273/00/04/mDiffFit_ID0000052.meta,/home/poseidon/workflows/montage-workflow-v3/submit/poseidon/pegasus/montage/run0273/00/05/mDiffFit_ID0000100.meta,/home/poseidon/workflows/montage-workflow-v3/submit/poseidon/pegasus/montage/run0273/00/03/mDiffFit_ID0000023.meta,/home/poseidon/workflows/montage-workflow-v3/submit/poseidon/pegasus/montage/run0273/00/06/mDiffFit_ID0000343.meta,/home/poseidon/workflows/montage-workflow-v3/submit/poseidon/pegasus/montage/run0273/00/02/mDiffFit_ID0000268.meta,/home/poseidon/workflows/montage-workflow-v3/submit/poseidon/pegasus/montage/run0273/00/05/mDiffFit_ID0000128.meta,/home/poseidon/workflows/montage-workflow-v3/submit/poseidon/pegasus/montage/run0273/00/07/mDiffFit_ID0000418.meta --insert /home/poseidon/workflows/montage-workflow-v3/submit/poseidon/pegasus/montage/run0273/00/08/register_insidecontainer_1_19.in",3.1,0,0
register_insidecontainer_1_20,None,auxiliary,0,1669084830.0,,,1669084855.0,1669084855.0,1669084860.0,1669084860.0,1669084865.0,25.0,,0.0,5.0,5.0,,,,,poseidon,local,host-10-100-100-124.openstacklocal,pegasus::rc-client,/home/poseidon/pegasus-5.1.0panorama/bin/pegasus-rc-client,"-n pegasus::rc-client -N null -R local  -L montage -T 2022-10-16T23:19:56+00:00 /home/poseidon/pegasus-5.1.0panorama/bin/pegasus-rc-client --prefix pegasus.catalog.replica.output --conf /home/poseidon/workflows/montage-workflow-v3/submit/poseidon/pegasus/montage/run0273/pegasus.10338789111739614444.properties -v --meta /home/poseidon/workflows/montage-workflow-v3/submit/poseidon/pegasus/montage/run0273/00/03/mDiffFit_ID0000226.meta,/home/poseidon/workflows/montage-workflow-v3/submit/poseidon/pegasus/montage/run0273/00/07/mDiffFit_ID0000406.meta,/home/poseidon/workflows/montage-workflow-v3/submit/poseidon/pegasus/montage/run0273/00/05/mDiffFit_ID0000045.meta,/home/poseidon/workflows/montage-workflow-v3/submit/poseidon/pegasus/montage/run0273/00/04/mDiffFit_ID0000094.meta,/home/poseidon/workflows/montage-workflow-v3/submit/poseidon/pegasus/montage/run0273/00/06/mDiffFit_ID0000442.meta,/home/poseidon/workflows/montage-workflow-v3/submit/poseidon/pegasus/montage/run0273/00/02/mDiffFit_ID0000279.meta,/home/poseidon/workflows/montage-workflow-v3/submit/poseidon/pegasus/montage/run0273/00/03/mDiffFit_ID0000022.meta,/home/poseidon/workflows/montage-workflow-v3/submit/poseidon/pegasus/montage/run0273/00/05/mDiffFit_ID0000106.meta,/home/poseidon/workflows/montage-workflow-v3/submit/poseidon/pegasus/montage/run0273/00/08/mDiffFit_ID0000430.meta,/home/poseidon/workflows/montage-workflow-v3/submit/poseidon/pegasus/montage/run0273/00/01/mDiffFit_ID0000193.meta --insert /home/poseidon/workflows/montage-workflow-v3/submit/poseidon/pegasus/montage/run0273/00/08/register_insidecontainer_1_20.in",3.0,0,0
register_insidecontainer_1_28,None,auxiliary,0,1669084830.0,,,1669084865.0,1669084865.0,1669084870.0,1669084870.0,1669084875.0,35.0,,0.0,5.0,5.0,,,,,poseidon,local,host-10-100-100-124.openstacklocal,pegasus::rc-client,/home/poseidon/pegasus-5.1.0panorama/bin/pegasus-rc-client,"-n pegasus::rc-client -N null -R local  -L montage -T 2022-10-16T23:19:56+00:00 /home/poseidon/pegasus-5.1.0panorama/bin/pegasus-rc-client --prefix pegasus.catalog.replica.output --conf /home/poseidon/workflows/montage-workflow-v3/submit/poseidon/pegasus/montage/run0273/pegasus.10338789111739614444.properties -v --meta /home/poseidon/workflows/montage-workflow-v3/submit/poseidon/pegasus/montage/run0273/00/08/mDiffFit_ID0000422.meta,/home/poseidon/workflows/montage-workflow-v3/submit/poseidon/pegasus/montage/run0273/00/04/mDiffFit_ID0000086.meta,/home/poseidon/workflows/montage-workflow-v3/submit/poseidon/pegasus/montage/run0273/00/07/mDiffFit_ID0000397.meta,/home/poseidon/workflows/montage-workflow-v3/submit/poseidon/pegasus/montage/run0273/00/06/mDiffFit_ID0000333.meta,/home/poseidon/workflows/montage-workflow-v3/submit/poseidon/pegasus/montage/run0273/00/03/mDiffFit_ID0000049.meta,/home/poseidon/workflows/montage-workflow-v3/submit/poseidon/pegasus/montage/run0273/00/03/mDiffFit_ID0000286.meta,/home/poseidon/workflows/montage-workflow-v3/submit/poseidon/pegasus/montage/run0273/00/02/mDiffFit_ID0000184.meta,/home/poseidon/workflows/montage-workflow-v3/submit/poseidon/pegasus/montage/run0273/00/01/mDiffFit_ID0000181.meta,/home/poseidon/workflows/montage-workflow-v3/submit/poseidon/pegasus/montage/run0273/00/05/mDiffFit_ID0000043.meta,/home/poseidon/workflows/montage-workflow-v3/submit/poseidon/pegasus/montage/run0273/00/06/mDiffFit_ID0000443.meta --insert /home/poseidon/workflows/montage-workflow-v3/submit/poseidon/pegasus/montage/run0273/00/08/register_insidecontainer_1_28.in",2.9,0,0
register_insidecontainer_1_21,None,auxiliary,0,1669084830.0,,,1669084885.0,1669084885.0,1669084890.0,1669084890.0,1669084895.0,55.0,,0.0,5.0,5.0,,,,,poseidon,local,host-10-100-100-124.openstacklocal,pegasus::rc-client,/home/poseidon/pegasus-5.1.0panorama/bin/pegasus-rc-client,"-n pegasus::rc-client -N null -R local  -L montage -T 2022-10-16T23:19:56+00:00 /home/poseidon/pegasus-5.1.0panorama/bin/pegasus-rc-client --prefix pegasus.catalog.replica.output --conf /home/poseidon/workflows/montage-workflow-v3/submit/poseidon/pegasus/montage/run0273/pegasus.10338789111739614444.properties -v --meta /home/poseidon/workflows/montage-workflow-v3/submit/poseidon/pegasus/montage/run0273/00/08/mDiffFit_ID0000429.meta,/home/poseidon/workflows/montage-workflow-v3/submit/poseidon/pegasus/montage/run0273/00/05/mDiffFit_ID0000121.meta,/home/poseidon/workflows/montage-workflow-v3/submit/poseidon/pegasus/montage/run0273/00/03/mDiffFit_ID0000237.meta,/home/poseidon/workflows/montage-workflow-v3/submit/poseidon/pegasus/montage/run0273/00/02/mDiffFit_ID0000223.meta,/home/poseidon/workflows/montage-workflow-v3/submit/poseidon/pegasus/montage/run0273/00/06/mDiffFit_ID0000393.meta,/home/poseidon/workflows/montage-workflow-v3/submit/poseidon/pegasus/montage/run0273/00/04/mDiffFit_ID0000116.meta,/home/poseidon/workflows/montage-workflow-v3/submit/poseidon/pegasus/montage/run0273/00/07/mDiffFit_ID0000417.meta,/home/poseidon/workflows/montage-workflow-v3/submit/poseidon/pegasus/montage/run0273/00/05/mDiffFit_ID0000029.meta,/home/poseidon/workflows/montage-workflow-v3/submit/poseidon/pegasus/montage/run0273/00/01/mDiffFit_ID0000180.meta,/home/poseidon/workflows/montage-workflow-v3/submit/poseidon/pegasus/montage/run0273/00/03/mDiffFit_ID0000021.meta --insert /home/poseidon/workflows/montage-workflow-v3/submit/poseidon/pegasus/montage/run0273/00/08/register_insidecontainer_1_21.in",3.0,0,0
register_insidecontainer_1_18,None,auxiliary,0,1669084830.0,,,1669084845.0,1669084845.0,1669084850.0,1669084850.0,1669084855.0,15.0,,0.0,5.0,5.0,,,,,poseidon,local,host-10-100-100-124.openstacklocal,pegasus::rc-client,/home/poseidon/pegasus-5.1.0panorama/bin/pegasus-rc-client,"-n pegasus::rc-client -N null -R local  -L montage -T 2022-10-16T23:19:56+00:00 /home/poseidon/pegasus-5.1.0panorama/bin/pegasus-rc-client --prefix pegasus.catalog.replica.output --conf /home/poseidon/workflows/montage-workflow-v3/submit/poseidon/pegasus/montage/run0273/pegasus.10338789111739614444.properties -v --meta /home/poseidon/workflows/montage-workflow-v3/submit/poseidon/pegasus/montage/run0273/00/07/mDiffFit_ID0000419.meta,/home/poseidon/workflows/montage-workflow-v3/submit/poseidon/pegasus/montage/run0273/00/03/mDiffFit_ID0000281.meta,/home/poseidon/workflows/montage-workflow-v3/submit/poseidon/pegasus/montage/run0273/00/05/mDiffFit_ID0000133.meta,/home/poseidon/workflows/montage-workflow-v3/submit/poseidon/pegasus/montage/run0273/00/05/mDiffFit_ID0000119.meta,/home/poseidon/workflows/montage-workflow-v3/submit/poseidon/pegasus/montage/run0273/00/07/mDiffFit_ID0000431.meta,/home/poseidon/workflows/montage-workflow-v3/submit/poseidon/pegasus/montage/run0273/00/02/mDiffFit_ID0000260.meta,/home/poseidon/workflows/montage-workflow-v3/submit/poseidon/pegasus/montage/run0273/00/03/mDiffFit_ID0000024.meta,/home/poseidon/workflows/montage-workflow-v3/submit/poseidon/pegasus/montage/run0273/00/04/mDiffFit_ID0000085.meta,/home/poseidon/workflows/montage-workflow-v3/submit/poseidon/pegasus/montage/run0273/00/01/mDiffFit_ID0000206.meta,/home/poseidon/workflows/montage-workflow-v3/submit/poseidon/pegasus/montage/run0273/00/06/mDiffFit_ID0000357.meta --insert /home/poseidon/workflows/montage-workflow-v3/submit/poseidon/pegasus/montage/run0273/00/08/register_insidecontainer_1_18.in",3.0,0,0
register_insidecontainer_1_22,None,auxiliary,0,1669084830.0,,,1669084895.0,1669084895.0,1669084900.0,1669084900.0,1669084905.0,65.0,,0.0,5.0,5.0,,,,,poseidon,local,host-10-100-100-124.openstacklocal,pegasus::rc-client,/home/poseidon/pegasus-5.1.0panorama/bin/pegasus-rc-client,"-n pegasus::rc-client -N null -R local  -L montage -T 2022-10-16T23:19:56+00:00 /home/poseidon/pegasus-5.1.0panorama/bin/pegasus-rc-client --prefix pegasus.catalog.replica.output --conf /home/poseidon/workflows/montage-workflow-v3/submit/poseidon/pegasus/montage/run0273/pegasus.10338789111739614444.properties -v --meta /home/poseidon/workflows/montage-workflow-v3/submit/poseidon/pegasus/montage/run0273/00/05/mDiffFit_ID0000124.meta,/home/poseidon/workflows/montage-workflow-v3/submit/poseidon/pegasus/montage/run0273/00/02/mDiffFit_ID0000234.meta,/home/poseidon/workflows/montage-workflow-v3/submit/poseidon/pegasus/montage/run0273/00/08/mDiffFit_ID0000405.meta,/home/poseidon/workflows/montage-workflow-v3/submit/poseidon/pegasus/montage/run0273/00/01/mDiffFit_ID0000219.meta,/home/poseidon/workflows/montage-workflow-v3/submit/poseidon/pegasus/montage/run0273/00/07/mDiffFit_ID0000337.meta,/home/poseidon/workflows/montage-workflow-v3/submit/poseidon/pegasus/montage/run0273/00/05/mDiffFit_ID0000031.meta,/home/poseidon/workflows/montage-workflow-v3/submit/poseidon/pegasus/montage/run0273/00/03/mDiffFit_ID0000017.meta,/home/poseidon/workflows/montage-workflow-v3/submit/poseidon/pegasus/montage/run0273/00/03/mDiffFit_ID0000247.meta,/home/poseidon/workflows/montage-workflow-v3/submit/poseidon/pegasus/montage/run0273/00/06/mDiffFit_ID0000382.meta,/home/poseidon/workflows/montage-workflow-v3/submit/poseidon/pegasus/montage/run0273/00/04/mDiffFit_ID0000103.meta --insert /home/poseidon/workflows/montage-workflow-v3/submit/poseidon/pegasus/montage/run0273/00/08/register_insidecontainer_1_22.in",2.9,0,0
register_insidecontainer_1_16,None,auxiliary,0,1669084830.0,,,1669084875.0,1669084876.0,1669084880.0,1669084880.0,1669084885.0,45.0,,1.0,4.0,5.0,,,,,poseidon,local,host-10-100-100-124.openstacklocal,pegasus::rc-client,/home/poseidon/pegasus-5.1.0panorama/bin/pegasus-rc-client,"-n pegasus::rc-client -N null -R local  -L montage -T 2022-10-16T23:19:56+00:00 /home/poseidon/pegasus-5.1.0panorama/bin/pegasus-rc-client --prefix pegasus.catalog.replica.output --conf /home/poseidon/workflows/montage-workflow-v3/submit/poseidon/pegasus/montage/run0273/pegasus.10338789111739614444.properties -v --meta /home/poseidon/workflows/montage-workflow-v3/submit/poseidon/pegasus/montage/run0273/00/03/mDiffFit_ID0000101.meta,/home/poseidon/workflows/montage-workflow-v3/submit/poseidon/pegasus/montage/run0273/00/02/mDiffFit_ID0000273.meta,/home/poseidon/workflows/montage-workflow-v3/submit/poseidon/pegasus/montage/run0273/00/06/mDiffFit_ID0000438.meta,/home/poseidon/workflows/montage-workflow-v3/submit/poseidon/pegasus/montage/run0273/00/05/mDiffFit_ID0000042.meta,/home/poseidon/workflows/montage-workflow-v3/submit/poseidon/pegasus/montage/run0273/00/01/mDiffFit_ID0000218.meta,/home/poseidon/workflows/montage-workflow-v3/submit/poseidon/pegasus/montage/run0273/00/05/mDiffFit_ID0000135.meta,/home/poseidon/workflows/montage-workflow-v3/submit/poseidon/pegasus/montage/run0273/00/02/mDiffFit_ID0000186.meta,/home/poseidon/workflows/montage-workflow-v3/submit/poseidon/pegasus/montage/run0273/00/07/mDiffFit_ID0000432.meta,/home/poseidon/workflows/montage-workflow-v3/submit/poseidon/pegasus/montage/run0273/00/07/mDiffFit_ID0000363.meta,/home/poseidon/workflows/montage-workflow-v3/submit/poseidon/pegasus/montage/run0273/00/04/mDiffFit_ID0000075.meta --insert /home/poseidon/workflows/montage-workflow-v3/submit/poseidon/pegasus/montage/run0273/00/08/register_insidecontainer_1_16.in",3.0,0,0
register_insidecontainer_1_17,None,auxiliary,0,1669084975.0,,,1669084980.0,1669084980.0,1669084985.0,1669084985.0,1669084990.0,5.0,,0.0,5.0,5.0,,,,,poseidon,local,host-10-100-100-124.openstacklocal,pegasus::rc-client,/home/poseidon/pegasus-5.1.0panorama/bin/pegasus-rc-client,"-n pegasus::rc-client -N null -R local  -L montage -T 2022-10-16T23:19:56+00:00 /home/poseidon/pegasus-5.1.0panorama/bin/pegasus-rc-client --prefix pegasus.catalog.replica.output --conf /home/poseidon/workflows/montage-workflow-v3/submit/poseidon/pegasus/montage/run0273/pegasus.10338789111739614444.properties -v --meta /home/poseidon/workflows/montage-workflow-v3/submit/poseidon/pegasus/montage/run0273/00/03/mDiffFit_ID0000270.meta,/home/poseidon/workflows/montage-workflow-v3/submit/poseidon/pegasus/montage/run0273/00/06/mDiffFit_ID0000445.meta,/home/poseidon/workflows/montage-workflow-v3/submit/poseidon/pegasus/montage/run0273/00/05/mDiffFit_ID0000058.meta,/home/poseidon/workflows/montage-workflow-v3/submit/poseidon/pegasus/montage/run0273/00/05/mDiffFit_ID0000097.meta,/home/poseidon/workflows/montage-workflow-v3/submit/poseidon/pegasus/montage/run0273/00/03/mDiffFit_ID0000084.meta,/home/poseidon/workflows/montage-workflow-v3/submit/poseidon/pegasus/montage/run0273/00/07/mDiffFit_ID0000350.meta,/home/poseidon/workflows/montage-workflow-v3/submit/poseidon/pegasus/montage/run0273/00/01/mDiffFit_ID0000239.meta,/home/poseidon/workflows/montage-workflow-v3/submit/poseidon/pegasus/montage/run0273/00/07/mDiffFit_ID0000399.meta,/home/poseidon/workflows/montage-workflow-v3/submit/poseidon/pegasus/montage/run0273/00/04/mDiffFit_ID0000064.meta,/home/poseidon/workflows/montage-workflow-v3/submit/poseidon/pegasus/montage/run0273/00/02/mDiffFit_ID0000183.meta --insert /home/poseidon/workflows/montage-workflow-v3/submit/poseidon/pegasus/montage/run0273/00/08/register_insidecontainer_1_17.in",2.9,0,0
register_insidecontainer_1_3,None,auxiliary,0,1669084980.0,,,1669085000.0,1669085000.0,1669085005.0,1669085005.0,1669085010.0,20.0,,0.0,5.0,5.0,,,,,poseidon,local,host-10-100-100-124.openstacklocal,pegasus::rc-client,/home/poseidon/pegasus-5.1.0panorama/bin/pegasus-rc-client,"-n pegasus::rc-client -N null -R local  -L montage -T 2022-10-16T23:19:56+00:00 /home/poseidon/pegasus-5.1.0panorama/bin/pegasus-rc-client --prefix pegasus.catalog.replica.output --conf /home/poseidon/workflows/montage-workflow-v3/submit/poseidon/pegasus/montage/run0273/pegasus.10338789111739614444.properties -v --meta /home/poseidon/workflows/montage-workflow-v3/submit/poseidon/pegasus/montage/run0273/00/02/mDiffFit_ID0000221.meta,/home/poseidon/workflows/montage-workflow-v3/submit/poseidon/pegasus/montage/run0273/00/04/mDiffFit_ID0000061.meta,/home/poseidon/workflows/montage-workflow-v3/submit/poseidon/pegasus/montage/run0273/00/02/mDiffFit_ID0000185.meta,/home/poseidon/workflows/montage-workflow-v3/submit/poseidon/pegasus/montage/run0273/00/01/mDiffFit_ID0000190.meta,/home/poseidon/workflows/montage-workflow-v3/submit/poseidon/pegasus/montage/run0273/00/05/mDiffFit_ID0000134.meta,/home/poseidon/workflows/montage-workflow-v3/submit/poseidon/pegasus/montage/run0273/00/06/mDiffFit_ID0000400.meta,/home/poseidon/workflows/montage-workflow-v3/submit/poseidon/pegasus/montage/run0273/00/03/mDiffFit_ID0000202.meta,/home/poseidon/workflows/montage-workflow-v3/submit/poseidon/pegasus/montage/run0273/00/07/mDiffFit_ID0000388.meta,/home/poseidon/workflows/montage-workflow-v3/submit/poseidon/pegasus/montage/run0273/00/04/mDiffFit_ID0000087.meta,/home/poseidon/workflows/montage-workflow-v3/submit/poseidon/pegasus/montage/run0273/00/06/mDiffFit_ID0000436.meta --insert /home/poseidon/workflows/montage-workflow-v3/submit/poseidon/pegasus/montage/run0273/00/08/register_insidecontainer_1_3.in",2.9,0,0
register_insidecontainer_1_2,None,auxiliary,0,1669084980.0,,,1669085030.0,1669085030.0,1669085035.0,1669085035.0,1669085040.0,50.0,,0.0,5.0,5.0,,,,,poseidon,local,host-10-100-100-124.openstacklocal,pegasus::rc-client,/home/poseidon/pegasus-5.1.0panorama/bin/pegasus-rc-client,"-n pegasus::rc-client -N null -R local  -L montage -T 2022-10-16T23:19:56+00:00 /home/poseidon/pegasus-5.1.0panorama/bin/pegasus-rc-client --prefix pegasus.catalog.replica.output --conf /home/poseidon/workflows/montage-workflow-v3/submit/poseidon/pegasus/montage/run0273/pegasus.10338789111739614444.properties -v --meta /home/poseidon/workflows/montage-workflow-v3/submit/poseidon/pegasus/montage/run0273/00/06/mDiffFit_ID0000340.meta,/home/poseidon/workflows/montage-workflow-v3/submit/poseidon/pegasus/montage/run0273/00/06/mDiffFit_ID0000335.meta,/home/poseidon/workflows/montage-workflow-v3/submit/poseidon/pegasus/montage/run0273/00/01/mDiffFit_ID0000175.meta,/home/poseidon/workflows/montage-workflow-v3/submit/poseidon/pegasus/montage/run0273/00/02/mDiffFit_ID0000266.meta,/home/poseidon/workflows/montage-workflow-v3/submit/poseidon/pegasus/montage/run0273/00/04/mDiffFit_ID0000062.meta,/home/poseidon/workflows/montage-workflow-v3/submit/poseidon/pegasus/montage/run0273/00/04/mDiffFit_ID0000054.meta,/home/poseidon/workflows/montage-workflow-v3/submit/poseidon/pegasus/montage/run0273/00/05/mDiffFit_ID0000057.meta,/home/poseidon/workflows/montage-workflow-v3/submit/poseidon/pegasus/montage/run0273/00/03/mDiffFit_ID0000257.meta,/home/poseidon/workflows/montage-workflow-v3/submit/poseidon/pegasus/montage/run0273/00/02/mDiffFit_ID0000275.meta,/home/poseidon/workflows/montage-workflow-v3/submit/poseidon/pegasus/montage/run0273/00/07/mDiffFit_ID0000377.meta --insert /home/poseidon/workflows/montage-workflow-v3/submit/poseidon/pegasus/montage/run0273/00/08/register_insidecontainer_1_2.in",2.9,0,0
register_insidecontainer_1_25,None,auxiliary,0,1669084980.0,,,1669085020.0,1669085020.0,1669085025.0,1669085025.0,1669085030.0,40.0,,0.0,5.0,5.0,,,,,poseidon,local,host-10-100-100-124.openstacklocal,pegasus::rc-client,/home/poseidon/pegasus-5.1.0panorama/bin/pegasus-rc-client,"-n pegasus::rc-client -N null -R local  -L montage -T 2022-10-16T23:19:56+00:00 /home/poseidon/pegasus-5.1.0panorama/bin/pegasus-rc-client --prefix pegasus.catalog.replica.output --conf /home/poseidon/workflows/montage-workflow-v3/submit/poseidon/pegasus/montage/run0273/pegasus.10338789111739614444.properties -v --meta /home/poseidon/workflows/montage-workflow-v3/submit/poseidon/pegasus/montage/run0273/00/05/mDiffFit_ID0000079.meta,/home/poseidon/workflows/montage-workflow-v3/submit/poseidon/pegasus/montage/run0273/00/06/mDiffFit_ID0000346.meta,/home/poseidon/workflows/montage-workflow-v3/submit/poseidon/pegasus/montage/run0273/00/02/mDiffFit_ID0000253.meta,/home/poseidon/workflows/montage-workflow-v3/submit/poseidon/pegasus/montage/run0273/00/01/mDiffFit_ID0000230.meta,/home/poseidon/workflows/montage-workflow-v3/submit/poseidon/pegasus/montage/run0273/00/07/mDiffFit_ID0000387.meta,/home/poseidon/workflows/montage-workflow-v3/submit/poseidon/pegasus/montage/run0273/00/06/mDiffFit_ID0000448.meta,/home/poseidon/workflows/montage-workflow-v3/submit/poseidon/pegasus/montage/run0273/00/03/mDiffFit_ID0000036.meta,/home/poseidon/workflows/montage-workflow-v3/submit/poseidon/pegasus/montage/run0273/00/04/mDiffFit_ID0000065.meta,/home/poseidon/workflows/montage-workflow-v3/submit/poseidon/pegasus/montage/run0273/00/08/mDiffFit_ID0000414.meta,/home/poseidon/workflows/montage-workflow-v3/submit/poseidon/pegasus/montage/run0273/00/03/mDiffFit_ID0000256.meta --insert /home/poseidon/workflows/montage-workflow-v3/submit/poseidon/pegasus/montage/run0273/00/08/register_insidecontainer_1_25.in",3.0,0,0
register_insidecontainer_1_6,None,auxiliary,0,1669084980.0,,,1669085050.0,1669085050.0,1669085055.0,1669085055.0,1669085060.0,70.0,,0.0,5.0,5.0,,,,,poseidon,local,host-10-100-100-124.openstacklocal,pegasus::rc-client,/home/poseidon/pegasus-5.1.0panorama/bin/pegasus-rc-client,"-n pegasus::rc-client -N null -R local  -L montage -T 2022-10-16T23:19:56+00:00 /home/poseidon/pegasus-5.1.0panorama/bin/pegasus-rc-client --prefix pegasus.catalog.replica.output --conf /home/poseidon/workflows/montage-workflow-v3/submit/poseidon/pegasus/montage/run0273/pegasus.10338789111739614444.properties -v --meta /home/poseidon/workflows/montage-workflow-v3/submit/poseidon/pegasus/montage/run0273/00/04/mDiffFit_ID0000047.meta,/home/poseidon/workflows/montage-workflow-v3/submit/poseidon/pegasus/montage/run0273/00/04/mDiffFit_ID0000118.meta,/home/poseidon/workflows/montage-workflow-v3/submit/poseidon/pegasus/montage/run0273/00/01/mDiffFit_ID0000191.meta,/home/poseidon/workflows/montage-workflow-v3/submit/poseidon/pegasus/montage/run0273/00/02/mDiffFit_ID0000196.meta,/home/poseidon/workflows/montage-workflow-v3/submit/poseidon/pegasus/montage/run0273/00/07/mDiffFit_ID0000352.meta,/home/poseidon/workflows/montage-workflow-v3/submit/poseidon/pegasus/montage/run0273/00/03/mDiffFit_ID0000188.meta,/home/poseidon/workflows/montage-workflow-v3/submit/poseidon/pegasus/montage/run0273/00/05/mDiffFit_ID0000132.meta,/home/poseidon/workflows/montage-workflow-v3/submit/poseidon/pegasus/montage/run0273/00/06/mDiffFit_ID0000341.meta,/home/poseidon/workflows/montage-workflow-v3/submit/poseidon/pegasus/montage/run0273/00/02/mDiffFit_ID0000236.meta,/home/poseidon/workflows/montage-workflow-v3/submit/poseidon/pegasus/montage/run0273/00/07/mDiffFit_ID0000362.meta --insert /home/poseidon/workflows/montage-workflow-v3/submit/poseidon/pegasus/montage/run0273/00/08/register_insidecontainer_1_6.in",2.9,0,0
register_insidecontainer_1_5,None,auxiliary,0,1669084980.0,,,1669085060.0,1669085060.0,1669085065.0,1669085065.0,1669085070.0,80.0,,0.0,5.0,5.0,,,,,poseidon,local,host-10-100-100-124.openstacklocal,pegasus::rc-client,/home/poseidon/pegasus-5.1.0panorama/bin/pegasus-rc-client,"-n pegasus::rc-client -N null -R local  -L montage -T 2022-10-16T23:19:56+00:00 /home/poseidon/pegasus-5.1.0panorama/bin/pegasus-rc-client --prefix pegasus.catalog.replica.output --conf /home/poseidon/workflows/montage-workflow-v3/submit/poseidon/pegasus/montage/run0273/pegasus.10338789111739614444.properties -v --meta /home/poseidon/workflows/montage-workflow-v3/submit/poseidon/pegasus/montage/run0273/00/07/mDiffFit_ID0000398.meta,/home/poseidon/workflows/montage-workflow-v3/submit/poseidon/pegasus/montage/run0273/00/04/mDiffFit_ID0000059.meta,/home/poseidon/workflows/montage-workflow-v3/submit/poseidon/pegasus/montage/run0273/00/06/mDiffFit_ID0000355.meta,/home/poseidon/workflows/montage-workflow-v3/submit/poseidon/pegasus/montage/run0273/00/02/mDiffFit_ID0000262.meta,/home/poseidon/workflows/montage-workflow-v3/submit/poseidon/pegasus/montage/run0273/00/03/mDiffFit_ID0000287.meta,/home/poseidon/workflows/montage-workflow-v3/submit/poseidon/pegasus/montage/run0273/00/05/mDiffFit_ID0000044.meta,/home/poseidon/workflows/montage-workflow-v3/submit/poseidon/pegasus/montage/run0273/00/04/mDiffFit_ID0000096.meta,/home/poseidon/workflows/montage-workflow-v3/submit/poseidon/pegasus/montage/run0273/00/01/mDiffFit_ID0000176.meta,/home/poseidon/workflows/montage-workflow-v3/submit/poseidon/pegasus/montage/run0273/00/02/mDiffFit_ID0000242.meta,/home/poseidon/workflows/montage-workflow-v3/submit/poseidon/pegasus/montage/run0273/00/07/mDiffFit_ID0000385.meta --insert /home/poseidon/workflows/montage-workflow-v3/submit/poseidon/pegasus/montage/run0273/00/08/register_insidecontainer_1_5.in",3.0,0,0
register_insidecontainer_1_4,None,auxiliary,0,1669084980.0,,,1669084990.0,1669084990.0,1669084995.0,1669084995.0,1669085000.0,10.0,,0.0,5.0,5.0,,,,,poseidon,local,host-10-100-100-124.openstacklocal,pegasus::rc-client,/home/poseidon/pegasus-5.1.0panorama/bin/pegasus-rc-client,"-n pegasus::rc-client -N null -R local  -L montage -T 2022-10-16T23:19:56+00:00 /home/poseidon/pegasus-5.1.0panorama/bin/pegasus-rc-client --prefix pegasus.catalog.replica.output --conf /home/poseidon/workflows/montage-workflow-v3/submit/poseidon/pegasus/montage/run0273/pegasus.10338789111739614444.properties -v --meta /home/poseidon/workflows/montage-workflow-v3/submit/poseidon/pegasus/montage/run0273/00/06/mDiffFit_ID0000368.meta,/home/poseidon/workflows/montage-workflow-v3/submit/poseidon/pegasus/montage/run0273/00/04/mDiffFit_ID0000071.meta,/home/poseidon/workflows/montage-workflow-v3/submit/poseidon/pegasus/montage/run0273/00/01/mDiffFit_ID0000203.meta,/home/poseidon/workflows/montage-workflow-v3/submit/poseidon/pegasus/montage/run0273/00/04/mDiffFit_ID0000041.meta,/home/poseidon/workflows/montage-workflow-v3/submit/poseidon/pegasus/montage/run0273/00/02/mDiffFit_ID0000284.meta,/home/poseidon/workflows/montage-workflow-v3/submit/poseidon/pegasus/montage/run0273/00/07/mDiffFit_ID0000374.meta,/home/poseidon/workflows/montage-workflow-v3/submit/poseidon/pegasus/montage/run0273/00/05/mDiffFit_ID0000099.meta,/home/poseidon/workflows/montage-workflow-v3/submit/poseidon/pegasus/montage/run0273/00/02/mDiffFit_ID0000232.meta,/home/poseidon/workflows/montage-workflow-v3/submit/poseidon/pegasus/montage/run0273/00/07/mDiffFit_ID0000365.meta,/home/poseidon/workflows/montage-workflow-v3/submit/poseidon/pegasus/montage/run0273/00/03/mDiffFit_ID0000278.meta --insert /home/poseidon/workflows/montage-workflow-v3/submit/poseidon/pegasus/montage/run0273/00/08/register_insidecontainer_1_4.in",3.0,0,0
register_insidecontainer_1_0,None,auxiliary,0,1669084980.0,,,1669085040.0,1669085040.0,1669085045.0,1669085045.0,1669085050.0,60.0,,0.0,5.0,5.0,,,,,poseidon,local,host-10-100-100-124.openstacklocal,pegasus::rc-client,/home/poseidon/pegasus-5.1.0panorama/bin/pegasus-rc-client,"-n pegasus::rc-client -N null -R local  -L montage -T 2022-10-16T23:19:56+00:00 /home/poseidon/pegasus-5.1.0panorama/bin/pegasus-rc-client --prefix pegasus.catalog.replica.output --conf /home/poseidon/workflows/montage-workflow-v3/submit/poseidon/pegasus/montage/run0273/pegasus.10338789111739614444.properties -v --meta /home/poseidon/workflows/montage-workflow-v3/submit/poseidon/pegasus/montage/run0273/00/04/mDiffFit_ID0000066.meta,/home/poseidon/workflows/montage-workflow-v3/submit/poseidon/pegasus/montage/run0273/00/02/mDiffFit_ID0000254.meta,/home/poseidon/workflows/montage-workflow-v3/submit/poseidon/pegasus/montage/run0273/00/06/mDiffFit_ID0000402.meta,/home/poseidon/workflows/montage-workflow-v3/submit/poseidon/pegasus/montage/run0273/00/06/mDiffFit_ID0000367.meta,/home/poseidon/workflows/montage-workflow-v3/submit/poseidon/pegasus/montage/run0273/00/01/mDiffFit_ID0000174.meta,/home/poseidon/workflows/montage-workflow-v3/submit/poseidon/pegasus/montage/run0273/00/04/mDiffFit_ID0000033.meta,/home/poseidon/workflows/montage-workflow-v3/submit/poseidon/pegasus/montage/run0273/00/07/mDiffFit_ID0000425.meta,/home/poseidon/workflows/montage-workflow-v3/submit/poseidon/pegasus/montage/run0273/00/05/mDiffFit_ID0000114.meta,/home/poseidon/workflows/montage-workflow-v3/submit/poseidon/pegasus/montage/run0273/00/01/mDiffFit_ID0000209.meta,/home/poseidon/workflows/montage-workflow-v3/submit/poseidon/pegasus/montage/run0273/00/03/mDiffFit_ID0000248.meta --insert /home/poseidon/workflows/montage-workflow-v3/submit/poseidon/pegasus/montage/run0273/00/08/register_insidecontainer_1_0.in",2.9,0,0
register_insidecontainer_1_1,None,auxiliary,0,1669084980.0,,,1669085070.0,1669085070.0,1669085075.0,1669085075.0,1669085080.0,90.0,,0.0,5.0,5.0,,,,,poseidon,local,host-10-100-100-124.openstacklocal,pegasus::rc-client,/home/poseidon/pegasus-5.1.0panorama/bin/pegasus-rc-client,"-n pegasus::rc-client -N null -R local  -L montage -T 2022-10-16T23:19:56+00:00 /home/poseidon/pegasus-5.1.0panorama/bin/pegasus-rc-client --prefix pegasus.catalog.replica.output --conf /home/poseidon/workflows/montage-workflow-v3/submit/poseidon/pegasus/montage/run0273/pegasus.10338789111739614444.properties -v --meta /home/poseidon/workflows/montage-workflow-v3/submit/poseidon/pegasus/montage/run0273/00/01/mDiffFit_ID0000259.meta,/home/poseidon/workflows/montage-workflow-v3/submit/poseidon/pegasus/montage/run0273/00/01/mDiffFit_ID0000189.meta,/home/poseidon/workflows/montage-workflow-v3/submit/poseidon/pegasus/montage/run0273/00/02/mDiffFit_ID0000199.meta,/home/poseidon/workflows/montage-workflow-v3/submit/poseidon/pegasus/montage/run0273/00/06/mDiffFit_ID0000354.meta,/home/poseidon/workflows/montage-workflow-v3/submit/poseidon/pegasus/montage/run0273/00/03/mDiffFit_ID0000215.meta,/home/poseidon/workflows/montage-workflow-v3/submit/poseidon/pegasus/montage/run0273/00/04/mDiffFit_ID0000077.meta,/home/poseidon/workflows/montage-workflow-v3/submit/poseidon/pegasus/montage/run0273/00/06/mDiffFit_ID0000401.meta,/home/poseidon/workflows/montage-workflow-v3/submit/poseidon/pegasus/montage/run0273/00/04/mDiffFit_ID0000063.meta,/home/poseidon/workflows/montage-workflow-v3/submit/poseidon/pegasus/montage/run0273/00/07/mDiffFit_ID0000424.meta,/home/poseidon/workflows/montage-workflow-v3/submit/poseidon/pegasus/montage/run0273/00/05/mDiffFit_ID0000069.meta --insert /home/poseidon/workflows/montage-workflow-v3/submit/poseidon/pegasus/montage/run0273/00/08/register_insidecontainer_1_1.in",3.0,0,0
register_insidecontainer_1_15,None,auxiliary,0,1669084980.0,,,1669085010.0,1669085010.0,1669085015.0,1669085015.0,1669085020.0,30.0,,0.0,5.0,5.0,,,,,poseidon,local,host-10-100-100-124.openstacklocal,pegasus::rc-client,/home/poseidon/pegasus-5.1.0panorama/bin/pegasus-rc-client,"-n pegasus::rc-client -N null -R local  -L montage -T 2022-10-16T23:19:56+00:00 /home/poseidon/pegasus-5.1.0panorama/bin/pegasus-rc-client --prefix pegasus.catalog.replica.output --conf /home/poseidon/workflows/montage-workflow-v3/submit/poseidon/pegasus/montage/run0273/pegasus.10338789111739614444.properties -v --meta /home/poseidon/workflows/montage-workflow-v3/submit/poseidon/pegasus/montage/run0273/00/07/mDiffFit_ID0000366.meta,/home/poseidon/workflows/montage-workflow-v3/submit/poseidon/pegasus/montage/run0273/00/05/mDiffFit_ID0000136.meta,/home/poseidon/workflows/montage-workflow-v3/submit/poseidon/pegasus/montage/run0273/00/01/mDiffFit_ID0000229.meta,/home/poseidon/workflows/montage-workflow-v3/submit/poseidon/pegasus/montage/run0273/00/02/mDiffFit_ID0000252.meta,/home/poseidon/workflows/montage-workflow-v3/submit/poseidon/pegasus/montage/run0273/00/03/mDiffFit_ID0000093.meta,/home/poseidon/workflows/montage-workflow-v3/submit/poseidon/pegasus/montage/run0273/00/07/mDiffFit_ID0000396.meta,/home/poseidon/workflows/montage-workflow-v3/submit/poseidon/pegasus/montage/run0273/00/04/mDiffFit_ID0000102.meta,/home/poseidon/workflows/montage-workflow-v3/submit/poseidon/pegasus/montage/run0273/00/02/mDiffFit_ID0000285.meta,/home/poseidon/workflows/montage-workflow-v3/submit/poseidon/pegasus/montage/run0273/00/06/mDiffFit_ID0000392.meta,/home/poseidon/workflows/montage-workflow-v3/submit/poseidon/pegasus/montage/run0273/00/05/mDiffFit_ID0000055.meta --insert /home/poseidon/workflows/montage-workflow-v3/submit/poseidon/pegasus/montage/run0273/00/08/register_insidecontainer_1_15.in",2.8,0,0
register_insidecontainer_1_32,None,auxiliary,0,1669085055.0,,,1669085101.0,1669085101.0,1669085106.0,1669085106.0,1669085111.0,46.0,,0.0,5.0,5.0,,,,,poseidon,local,host-10-100-100-124.openstacklocal,pegasus::rc-client,/home/poseidon/pegasus-5.1.0panorama/bin/pegasus-rc-client,"-n pegasus::rc-client -N null -R local  -L montage -T 2022-10-16T23:19:56+00:00 /home/poseidon/pegasus-5.1.0panorama/bin/pegasus-rc-client --prefix pegasus.catalog.replica.output --conf /home/poseidon/workflows/montage-workflow-v3/submit/poseidon/pegasus/montage/run0273/pegasus.10338789111739614444.properties -v --meta /home/poseidon/workflows/montage-workflow-v3/submit/poseidon/pegasus/montage/run0273/00/02/mDiffFit_ID0000235.meta,/home/poseidon/workflows/montage-workflow-v3/submit/poseidon/pegasus/montage/run0273/00/05/mDiffFit_ID0000090.meta,/home/poseidon/workflows/montage-workflow-v3/submit/poseidon/pegasus/montage/run0273/00/08/mDiffFit_ID0000384.meta,/home/poseidon/workflows/montage-workflow-v3/submit/poseidon/pegasus/montage/run0273/00/06/mDiffFit_ID0000373.meta,/home/poseidon/workflows/montage-workflow-v3/submit/poseidon/pegasus/montage/run0273/00/06/mDiffFit_ID0000371.meta,/home/poseidon/workflows/montage-workflow-v3/submit/poseidon/pegasus/montage/run0273/00/01/mDiffFit_ID0000220.meta,/home/poseidon/workflows/montage-workflow-v3/submit/poseidon/pegasus/montage/run0273/00/03/mDiffFit_ID0000282.meta,/home/poseidon/workflows/montage-workflow-v3/submit/poseidon/pegasus/montage/run0273/00/04/mDiffFit_ID0000027.meta,/home/poseidon/workflows/montage-workflow-v3/submit/poseidon/pegasus/montage/run0273/00/07/mDiffFit_ID0000427.meta,/home/poseidon/workflows/montage-workflow-v3/submit/poseidon/pegasus/montage/run0273/00/04/mDiffFit_ID0000050.meta --insert /home/poseidon/workflows/montage-workflow-v3/submit/poseidon/pegasus/montage/run0273/00/08/register_insidecontainer_1_32.in",3.0,0,0
register_insidecontainer_1_23,None,auxiliary,0,1669085055.0,,,1669085090.0,1669085090.0,1669085095.0,1669085095.0,1669085101.0,35.0,,0.0,5.0,6.0,,,,,poseidon,local,host-10-100-100-124.openstacklocal,pegasus::rc-client,/home/poseidon/pegasus-5.1.0panorama/bin/pegasus-rc-client,"-n pegasus::rc-client -N null -R local  -L montage -T 2022-10-16T23:19:56+00:00 /home/poseidon/pegasus-5.1.0panorama/bin/pegasus-rc-client --prefix pegasus.catalog.replica.output --conf /home/poseidon/workflows/montage-workflow-v3/submit/poseidon/pegasus/montage/run0273/pegasus.10338789111739614444.properties -v --meta /home/poseidon/workflows/montage-workflow-v3/submit/poseidon/pegasus/montage/run0273/00/03/mDiffFit_ID0000038.meta,/home/poseidon/workflows/montage-workflow-v3/submit/poseidon/pegasus/montage/run0273/00/07/mDiffFit_ID0000421.meta,/home/poseidon/workflows/montage-workflow-v3/submit/poseidon/pegasus/montage/run0273/00/05/mDiffFit_ID0000113.meta,/home/poseidon/workflows/montage-workflow-v3/submit/poseidon/pegasus/montage/run0273/00/05/mDiffFit_ID0000130.meta,/home/poseidon/workflows/montage-workflow-v3/submit/poseidon/pegasus/montage/run0273/00/02/mDiffFit_ID0000244.meta,/home/poseidon/workflows/montage-workflow-v3/submit/poseidon/pegasus/montage/run0273/00/04/mDiffFit_ID0000026.meta,/home/poseidon/workflows/montage-workflow-v3/submit/poseidon/pegasus/montage/run0273/00/01/mDiffFit_ID0000207.meta,/home/poseidon/workflows/montage-workflow-v3/submit/poseidon/pegasus/montage/run0273/00/03/mDiffFit_ID0000214.meta,/home/poseidon/workflows/montage-workflow-v3/submit/poseidon/pegasus/montage/run0273/00/06/mDiffFit_ID0000370.meta,/home/poseidon/workflows/montage-workflow-v3/submit/poseidon/pegasus/montage/run0273/00/08/mDiffFit_ID0000449.meta --insert /home/poseidon/workflows/montage-workflow-v3/submit/poseidon/pegasus/montage/run0273/00/08/register_insidecontainer_1_23.in",2.9,0,0
register_insidecontainer_1_13,None,auxiliary,0,1669085055.0,,,1669085080.0,1669085080.0,1669085085.0,1669085085.0,1669085090.0,25.0,,0.0,5.0,5.0,,,,,poseidon,local,host-10-100-100-124.openstacklocal,pegasus::rc-client,/home/poseidon/pegasus-5.1.0panorama/bin/pegasus-rc-client,"-n pegasus::rc-client -N null -R local  -L montage -T 2022-10-16T23:19:56+00:00 /home/poseidon/pegasus-5.1.0panorama/bin/pegasus-rc-client --prefix pegasus.catalog.replica.output --conf /home/poseidon/workflows/montage-workflow-v3/submit/poseidon/pegasus/montage/run0273/pegasus.10338789111739614444.properties -v --meta /home/poseidon/workflows/montage-workflow-v3/submit/poseidon/pegasus/montage/run0273/00/07/mDiffFit_ID0000375.meta,/home/poseidon/workflows/montage-workflow-v3/submit/poseidon/pegasus/montage/run0273/00/01/mDiffFit_ID0000205.meta,/home/poseidon/workflows/montage-workflow-v3/submit/poseidon/pegasus/montage/run0273/00/02/mDiffFit_ID0000276.meta,/home/poseidon/workflows/montage-workflow-v3/submit/poseidon/pegasus/montage/run0273/00/04/mDiffFit_ID0000039.meta,/home/poseidon/workflows/montage-workflow-v3/submit/poseidon/pegasus/montage/run0273/00/06/mDiffFit_ID0000342.meta,/home/poseidon/workflows/montage-workflow-v3/submit/poseidon/pegasus/montage/run0273/00/03/mDiffFit_ID0000092.meta,/home/poseidon/workflows/montage-workflow-v3/submit/poseidon/pegasus/montage/run0273/00/05/mDiffFit_ID0000067.meta,/home/poseidon/workflows/montage-workflow-v3/submit/poseidon/pegasus/montage/run0273/00/07/mDiffFit_ID0000433.meta,/home/poseidon/workflows/montage-workflow-v3/submit/poseidon/pegasus/montage/run0273/00/02/mDiffFit_ID0000210.meta,/home/poseidon/workflows/montage-workflow-v3/submit/poseidon/pegasus/montage/run0273/00/05/mDiffFit_ID0000115.meta --insert /home/poseidon/workflows/montage-workflow-v3/submit/poseidon/pegasus/montage/run0273/00/08/register_insidecontainer_1_13.in",3.0,0,0
register_insidecontainer_1_35,None,auxiliary,0,1669085136.0,,,1669085141.0,1669085141.0,1669085146.0,1669085146.0,1669085151.0,5.0,,0.0,5.0,5.0,,,,,poseidon,local,host-10-100-100-124.openstacklocal,pegasus::rc-client,/home/poseidon/pegasus-5.1.0panorama/bin/pegasus-rc-client,"-n pegasus::rc-client -N null -R local  -L montage -T 2022-10-16T23:19:56+00:00 /home/poseidon/pegasus-5.1.0panorama/bin/pegasus-rc-client --prefix pegasus.catalog.replica.output --conf /home/poseidon/workflows/montage-workflow-v3/submit/poseidon/pegasus/montage/run0273/pegasus.10338789111739614444.properties -v --meta /home/poseidon/workflows/montage-workflow-v3/submit/poseidon/pegasus/montage/run0273/00/08/mDiffFit_ID0000372.meta,/home/poseidon/workflows/montage-workflow-v3/submit/poseidon/pegasus/montage/run0273/00/06/mDiffFit_ID0000403.meta,/home/poseidon/workflows/montage-workflow-v3/submit/poseidon/pegasus/montage/run0273/00/02/mDiffFit_ID0000245.meta,/home/poseidon/workflows/montage-workflow-v3/submit/poseidon/pegasus/montage/run0273/00/04/mDiffFit_ID0000122.meta,/home/poseidon/workflows/montage-workflow-v3/submit/poseidon/pegasus/montage/run0273/00/06/mDiffFit_ID0000379.meta,/home/poseidon/workflows/montage-workflow-v3/submit/poseidon/pegasus/montage/run0273/00/04/mDiffFit_ID0000046.meta,/home/poseidon/workflows/montage-workflow-v3/submit/poseidon/pegasus/montage/run0273/00/05/mDiffFit_ID0000125.meta,/home/poseidon/workflows/montage-workflow-v3/submit/poseidon/pegasus/montage/run0273/00/01/mDiffFit_ID0000250.meta,/home/poseidon/workflows/montage-workflow-v3/submit/poseidon/pegasus/montage/run0273/00/03/mDiffFit_ID0000227.meta,/home/poseidon/workflows/montage-workflow-v3/submit/poseidon/pegasus/montage/run0273/00/07/mDiffFit_ID0000426.meta --insert /home/poseidon/workflows/montage-workflow-v3/submit/poseidon/pegasus/montage/run0273/00/09/register_insidecontainer_1_35.in",3.0,0,0
register_insidecontainer_1_10,None,auxiliary,0,1669085136.0,,,1669085151.0,1669085151.0,1669085156.0,1669085156.0,1669085161.0,15.0,,0.0,5.0,5.0,,,,,poseidon,local,host-10-100-100-124.openstacklocal,pegasus::rc-client,/home/poseidon/pegasus-5.1.0panorama/bin/pegasus-rc-client,"-n pegasus::rc-client -N null -R local  -L montage -T 2022-10-16T23:19:56+00:00 /home/poseidon/pegasus-5.1.0panorama/bin/pegasus-rc-client --prefix pegasus.catalog.replica.output --conf /home/poseidon/workflows/montage-workflow-v3/submit/poseidon/pegasus/montage/run0273/pegasus.10338789111739614444.properties -v --meta /home/poseidon/workflows/montage-workflow-v3/submit/poseidon/pegasus/montage/run0273/00/03/mDiffFit_ID0000293.meta,/home/poseidon/workflows/montage-workflow-v3/submit/poseidon/pegasus/montage/run0273/00/05/mDiffFit_ID0000123.meta,/home/poseidon/workflows/montage-workflow-v3/submit/poseidon/pegasus/montage/run0273/00/02/mDiffFit_ID0000255.meta,/home/poseidon/workflows/montage-workflow-v3/submit/poseidon/pegasus/montage/run0273/00/04/mDiffFit_ID0000073.meta,/home/poseidon/workflows/montage-workflow-v3/submit/poseidon/pegasus/montage/run0273/00/02/mDiffFit_ID0000233.meta,/home/poseidon/workflows/montage-workflow-v3/submit/poseidon/pegasus/montage/run0273/00/05/mDiffFit_ID0000081.meta,/home/poseidon/workflows/montage-workflow-v3/submit/poseidon/pegasus/montage/run0273/00/06/mDiffFit_ID0000369.meta,/home/poseidon/workflows/montage-workflow-v3/submit/poseidon/pegasus/montage/run0273/00/01/mDiffFit_ID0000192.meta,/home/poseidon/workflows/montage-workflow-v3/submit/poseidon/pegasus/montage/run0273/00/07/mDiffFit_ID0000423.meta,/home/poseidon/workflows/montage-workflow-v3/submit/poseidon/pegasus/montage/run0273/00/07/mDiffFit_ID0000412.meta --insert /home/poseidon/workflows/montage-workflow-v3/submit/poseidon/pegasus/montage/run0273/00/08/register_insidecontainer_1_10.in",3.0,0,0
register_insidecontainer_1_26,None,auxiliary,0,1669085186.0,,,1669085191.0,1669085191.0,1669085196.0,1669085196.0,1669085201.0,5.0,,0.0,5.0,5.0,,,,,poseidon,local,host-10-100-100-124.openstacklocal,pegasus::rc-client,/home/poseidon/pegasus-5.1.0panorama/bin/pegasus-rc-client,"-n pegasus::rc-client -N null -R local  -L montage -T 2022-10-16T23:19:56+00:00 /home/poseidon/pegasus-5.1.0panorama/bin/pegasus-rc-client --prefix pegasus.catalog.replica.output --conf /home/poseidon/workflows/montage-workflow-v3/submit/poseidon/pegasus/montage/run0273/pegasus.10338789111739614444.properties -v --meta /home/poseidon/workflows/montage-workflow-v3/submit/poseidon/pegasus/montage/run0273/00/01/mDiffFit_ID0000240.meta,/home/poseidon/workflows/montage-workflow-v3/submit/poseidon/pegasus/montage/run0273/00/03/mDiffFit_ID0000289.meta,/home/poseidon/workflows/montage-workflow-v3/submit/poseidon/pegasus/montage/run0273/00/04/mDiffFit_ID0000076.meta,/home/poseidon/workflows/montage-workflow-v3/submit/poseidon/pegasus/montage/run0273/00/06/mDiffFit_ID0000446.meta,/home/poseidon/workflows/montage-workflow-v3/submit/poseidon/pegasus/montage/run0273/00/02/mDiffFit_ID0000198.meta,/home/poseidon/workflows/montage-workflow-v3/submit/poseidon/pegasus/montage/run0273/00/06/mDiffFit_ID0000332.meta,/home/poseidon/workflows/montage-workflow-v3/submit/poseidon/pegasus/montage/run0273/00/08/mDiffFit_ID0000359.meta,/home/poseidon/workflows/montage-workflow-v3/submit/poseidon/pegasus/montage/run0273/00/03/mDiffFit_ID0000035.meta,/home/poseidon/workflows/montage-workflow-v3/submit/poseidon/pegasus/montage/run0273/00/07/mDiffFit_ID0000420.meta,/home/poseidon/workflows/montage-workflow-v3/submit/poseidon/pegasus/montage/run0273/00/05/mDiffFit_ID0000089.meta --insert /home/poseidon/workflows/montage-workflow-v3/submit/poseidon/pegasus/montage/run0273/00/08/register_insidecontainer_1_26.in",2.9,0,0
mConcatFit_ID0000451,hdd_5,compute,0,1669085186.0,,,1669085191.0,1669085192.0,1669085376.0,1669085376.0,1669085381.0,5.0,,1.0,184.0,5.0,36.0,729843323.0,4.0,8945.0,poseidon,insidecontainer,poseidon-worker-1-container-12-15,mConcatFit,/opt/Montage/bin/mConcatFit,,0.3,0,0
register_insidecontainer_2_0,None,auxiliary,0,1669085381.0,,,1669085386.0,1669085386.0,1669085391.0,1669085391.0,1669085396.0,5.0,,0.0,5.0,5.0,,,,,poseidon,local,host-10-100-100-124.openstacklocal,pegasus::rc-client,/home/poseidon/pegasus-5.1.0panorama/bin/pegasus-rc-client,"-n pegasus::rc-client -N null -R local  -L montage -T 2022-10-16T23:19:56+00:00 /home/poseidon/pegasus-5.1.0panorama/bin/pegasus-rc-client --prefix pegasus.catalog.replica.output --conf /home/poseidon/workflows/montage-workflow-v3/submit/poseidon/pegasus/montage/run0273/pegasus.10338789111739614444.properties -v --meta /home/poseidon/workflows/montage-workflow-v3/submit/poseidon/pegasus/montage/run0273/00/08/mConcatFit_ID0000294.meta,/home/poseidon/workflows/montage-workflow-v3/submit/poseidon/pegasus/montage/run0273/00/09/mConcatFit_ID0000451.meta,/home/poseidon/workflows/montage-workflow-v3/submit/poseidon/pegasus/montage/run0273/00/09/mConcatFit_ID0000137.meta --insert /home/poseidon/workflows/montage-workflow-v3/submit/poseidon/pegasus/montage/run0273/00/09/register_insidecontainer_2_0.in",2.9,0,0
mBgModel_ID0000452,hdd_5,compute,0,1669085381.0,,,1669085386.0,1669085387.0,1669085572.0,1669085572.0,1669085577.0,5.0,,1.0,185.0,5.0,24.0,729828635.0,4.0,936.0,poseidon,insidecontainer,poseidon-worker-1-container-12-15,mBgModel,/opt/Montage/bin/mBgModel,,1.1,0,0
mBackground_ID0000460,hdd_5,compute,0,1669085577.0,,,1669085582.0,1669085592.0,1669085867.0,1669085867.0,1669085872.0,5.0,,10.0,275.0,5.0,193.0,835956212.0,7.0,106139520.0,poseidon,insidecontainer,poseidon-worker-1-container-20-23,mBackground,/opt/Montage/bin/mBackground,,0.4,0,0
register_insidecontainer_3_0,None,auxiliary,0,1669085577.0,,,1669085582.0,1669085582.0,1669085587.0,1669085587.0,1669085592.0,5.0,,0.0,5.0,5.0,,,,,poseidon,local,host-10-100-100-124.openstacklocal,pegasus::rc-client,/home/poseidon/pegasus-5.1.0panorama/bin/pegasus-rc-client,"-n pegasus::rc-client -N null -R local  -L montage -T 2022-10-16T23:19:56+00:00 /home/poseidon/pegasus-5.1.0panorama/bin/pegasus-rc-client --prefix pegasus.catalog.replica.output --conf /home/poseidon/workflows/montage-workflow-v3/submit/poseidon/pegasus/montage/run0273/pegasus.10338789111739614444.properties -v --meta /home/poseidon/workflows/montage-workflow-v3/submit/poseidon/pegasus/montage/run0273/00/09/mBgModel_ID0000295.meta,/home/poseidon/workflows/montage-workflow-v3/submit/poseidon/pegasus/montage/run0273/00/09/mBgModel_ID0000138.meta,/home/poseidon/workflows/montage-workflow-v3/submit/poseidon/pegasus/montage/run0273/00/09/mBgModel_ID0000452.meta --insert /home/poseidon/workflows/montage-workflow-v3/submit/poseidon/pegasus/montage/run0273/00/09/register_insidecontainer_3_0.in",3.0,0,0
mBackground_ID0000458,None,compute,0,1669085577.0,,,1669085582.0,1669085592.0,1669085867.0,1669085867.0,1669085872.0,5.0,,10.0,275.0,5.0,215.0,835875572.0,7.0,106058880.0,poseidon,insidecontainer,poseidon-worker-1-container-32-35,mBackground,/opt/Montage/bin/mBackground,,0.4,0,0
mBackground_ID0000459,hdd_5,compute,0,1669085577.0,,,1669085582.0,1669085592.0,1669085832.0,1669085832.0,1669085837.0,5.0,,10.0,240.0,5.0,169.0,835915892.0,7.0,106099200.0,poseidon,insidecontainer,poseidon-worker-2-container-8-11,mBackground,/opt/Montage/bin/mBackground,,0.4,0,0
mBackground_ID0000465,hdd_5,compute,0,1669085577.0,,,1669085582.0,1669085592.0,1669085837.0,1669085837.0,1669085842.0,5.0,,10.0,245.0,5.0,169.0,835875572.0,8.0,106058880.0,poseidon,insidecontainer,poseidon-worker-2-container-40-43,mBackground,/opt/Montage/bin/mBackground,,0.4,0,0
mBackground_ID0000455,hdd_5,compute,0,1669085577.0,,,1669085582.0,1669085592.0,1669085867.0,1669085867.0,1669085872.0,5.0,,10.0,275.0,5.0,196.0,835915892.0,7.0,106099200.0,poseidon,insidecontainer,poseidon-worker-1-container-40-43,mBackground,/opt/Montage/bin/mBackground,,0.4,0,0
mBackground_ID0000466,None,compute,0,1669085577.0,,,1669085582.0,1669085592.0,1669085867.0,1669085867.0,1669085872.0,5.0,,10.0,275.0,5.0,193.0,835915892.0,7.0,106099200.0,poseidon,insidecontainer,poseidon-worker-1-container-44-47,mBackground,/opt/Montage/bin/mBackground,,0.4,0,0
mBackground_ID0000456,None,compute,0,1669085577.0,,,1669085582.0,1669085592.0,1669085867.0,1669085867.0,1669085872.0,5.0,,10.0,275.0,5.0,194.0,835956212.0,7.0,106139520.0,poseidon,insidecontainer,poseidon-worker-1-container-0-3,mBackground,/opt/Montage/bin/mBackground,,0.4,0,0
mBackground_ID0000467,None,compute,0,1669085577.0,,,1669085582.0,1669085592.0,1669085832.0,1669085832.0,1669085837.0,5.0,,10.0,240.0,5.0,170.0,835996532.0,7.0,106179840.0,poseidon,insidecontainer,poseidon-worker-2-container-16-19,mBackground,/opt/Montage/bin/mBackground,,0.4,0,0
mBackground_ID0000457,None,compute,0,1669085577.0,,,1669085582.0,1669085592.0,1669085832.0,1669085832.0,1669085837.0,5.0,,10.0,240.0,5.0,171.0,835875572.0,7.0,106058880.0,poseidon,insidecontainer,poseidon-worker-2-container-44-47,mBackground,/opt/Montage/bin/mBackground,,0.4,0,0
mBackground_ID0000468,hdd_5,compute,0,1669085577.0,,,1669085582.0,1669085592.0,1669085867.0,1669085867.0,1669085872.0,5.0,,10.0,275.0,5.0,211.0,835996532.0,7.0,106179840.0,poseidon,insidecontainer,poseidon-worker-1-container-28-31,mBackground,/opt/Montage/bin/mBackground,,0.4,0,0
mBackground_ID0000461,hdd_5,compute,0,1669085577.0,,,1669085582.0,1669085592.0,1669085832.0,1669085832.0,1669085837.0,5.0,,10.0,240.0,5.0,169.0,835875572.0,7.0,106058880.0,poseidon,insidecontainer,poseidon-worker-2-container-28-31,mBackground,/opt/Montage/bin/mBackground,,0.4,0,0
mBackground_ID0000462,hdd_5,compute,0,1669085577.0,,,1669085582.0,1669085592.0,1669085832.0,1669085832.0,1669085837.0,5.0,,10.0,240.0,5.0,170.0,835875572.0,7.0,106058880.0,poseidon,insidecontainer,poseidon-worker-2-container-24-27,mBackground,/opt/Montage/bin/mBackground,,0.4,0,0
mBackground_ID0000453,hdd_5,compute,0,1669085577.0,,,1669085582.0,1669085583.0,1669085817.0,1669085817.0,1669085822.0,5.0,,1.0,234.0,5.0,43.0,835875572.0,7.0,106058880.0,poseidon,insidecontainer,poseidon-worker-1-container-12-15,mBackground,/opt/Montage/bin/mBackground,,0.4,0,0
mBackground_ID0000464,hdd_5,compute,0,1669085577.0,,,1669085582.0,1669085592.0,1669085852.0,1669085852.0,1669085857.0,5.0,,10.0,260.0,5.0,174.0,835956212.0,7.0,106139520.0,poseidon,insidecontainer,poseidon-worker-2-container-32-35,mBackground,/opt/Montage/bin/mBackground,,0.4,0,0
mBackground_ID0000463,hdd_5,compute,0,1669085577.0,,,1669085582.0,1669085592.0,1669085832.0,1669085832.0,1669085837.0,5.0,,10.0,240.0,5.0,171.0,835915892.0,7.0,106099200.0,poseidon,insidecontainer,poseidon-worker-2-container-20-23,mBackground,/opt/Montage/bin/mBackground,,0.4,0,0
mBackground_ID0000454,hdd_5,compute,0,1669085577.0,,,1669085582.0,1669085592.0,1669085867.0,1669085867.0,1669085872.0,5.0,,10.0,275.0,5.0,214.0,835915892.0,7.0,106099200.0,poseidon,insidecontainer,poseidon-worker-1-container-36-39,mBackground,/opt/Montage/bin/mBackground,,0.4,0,0
register_insidecontainer_4_0,None,auxiliary,0,1669085872.0,,,1669085888.0,1669085888.0,1669085893.0,1669085893.0,1669085898.0,16.0,,0.0,5.0,5.0,,,,,poseidon,local,host-10-100-100-124.openstacklocal,pegasus::rc-client,/home/poseidon/pegasus-5.1.0panorama/bin/pegasus-rc-client,"-n pegasus::rc-client -N null -R local  -L montage -T 2022-10-16T23:19:56+00:00 /home/poseidon/pegasus-5.1.0panorama/bin/pegasus-rc-client --prefix pegasus.catalog.replica.output --conf /home/poseidon/workflows/montage-workflow-v3/submit/poseidon/pegasus/montage/run0273/pegasus.10338789111739614444.properties -v --meta /home/poseidon/workflows/montage-workflow-v3/submit/poseidon/pegasus/montage/run0273/00/0A/mBackground_ID0000456.meta,/home/poseidon/workflows/montage-workflow-v3/submit/poseidon/pegasus/montage/run0273/00/0A/mBackground_ID0000459.meta,/home/poseidon/workflows/montage-workflow-v3/submit/poseidon/pegasus/montage/run0273/00/09/mBackground_ID0000301.meta,/home/poseidon/workflows/montage-workflow-v3/submit/poseidon/pegasus/montage/run0273/00/09/mBackground_ID0000144.meta,/home/poseidon/workflows/montage-workflow-v3/submit/poseidon/pegasus/montage/run0273/00/09/mBackground_ID0000468.meta,/home/poseidon/workflows/montage-workflow-v3/submit/poseidon/pegasus/montage/run0273/00/09/mBackground_ID0000303.meta,/home/poseidon/workflows/montage-workflow-v3/submit/poseidon/pegasus/montage/run0273/00/09/mBackground_ID0000307.meta,/home/poseidon/workflows/montage-workflow-v3/submit/poseidon/pegasus/montage/run0273/00/09/mBackground_ID0000142.meta,/home/poseidon/workflows/montage-workflow-v3/submit/poseidon/pegasus/montage/run0273/00/0A/mBackground_ID0000460.meta,/home/poseidon/workflows/montage-workflow-v3/submit/poseidon/pegasus/montage/run0273/00/09/mBackground_ID0000305.meta,/home/poseidon/workflows/montage-workflow-v3/submit/poseidon/pegasus/montage/run0273/00/09/mBackground_ID0000141.meta,/home/poseidon/workflows/montage-workflow-v3/submit/poseidon/pegasus/montage/run0273/00/09/mBackground_ID0000310.meta,/home/poseidon/workflows/montage-workflow-v3/submit/poseidon/pegasus/montage/run0273/00/09/mBackground_ID0000462.meta,/home/poseidon/workflows/montage-workflow-v3/submit/poseidon/pegasus/montage/run0273/00/09/mBackground_ID0000308.meta,/home/poseidon/workflows/montage-workflow-v3/submit/poseidon/pegasus/montage/run0273/00/09/mBackground_ID0000146.meta,/home/poseidon/workflows/montage-workflow-v3/submit/poseidon/pegasus/montage/run0273/00/0A/mBackground_ID0000466.meta,/home/poseidon/workflows/montage-workflow-v3/submit/poseidon/pegasus/montage/run0273/00/09/mBackground_ID0000298.meta,/home/poseidon/workflows/montage-workflow-v3/submit/poseidon/pegasus/montage/run0273/00/09/mBackground_ID0000151.meta,/home/poseidon/workflows/montage-workflow-v3/submit/poseidon/pegasus/montage/run0273/00/09/mBackground_ID0000149.meta,/home/poseidon/workflows/montage-workflow-v3/submit/poseidon/pegasus/montage/run0273/00/09/mBackground_ID0000453.meta --insert /home/poseidon/workflows/montage-workflow-v3/submit/poseidon/pegasus/montage/run0273/00/0A/register_insidecontainer_4_0.in",3.2,0,0
register_insidecontainer_4_4,None,auxiliary,0,1669085872.0,,,1669085877.0,1669085878.0,1669085883.0,1669085883.0,1669085888.0,5.0,,1.0,5.0,5.0,,,,,poseidon,local,host-10-100-100-124.openstacklocal,pegasus::rc-client,/home/poseidon/pegasus-5.1.0panorama/bin/pegasus-rc-client,"-n pegasus::rc-client -N null -R local  -L montage -T 2022-10-16T23:19:56+00:00 /home/poseidon/pegasus-5.1.0panorama/bin/pegasus-rc-client --prefix pegasus.catalog.replica.output --conf /home/poseidon/workflows/montage-workflow-v3/submit/poseidon/pegasus/montage/run0273/pegasus.10338789111739614444.properties -v --meta /home/poseidon/workflows/montage-workflow-v3/submit/poseidon/pegasus/montage/run0273/00/09/mBackground_ID0000309.meta,/home/poseidon/workflows/montage-workflow-v3/submit/poseidon/pegasus/montage/run0273/00/0A/mBackground_ID0000467.meta,/home/poseidon/workflows/montage-workflow-v3/submit/poseidon/pegasus/montage/run0273/00/09/mBackground_ID0000301.meta,/home/poseidon/workflows/montage-workflow-v3/submit/poseidon/pegasus/montage/run0273/00/09/mBackground_ID0000144.meta,/home/poseidon/workflows/montage-workflow-v3/submit/poseidon/pegasus/montage/run0273/00/09/mBackground_ID0000468.meta,/home/poseidon/workflows/montage-workflow-v3/submit/poseidon/pegasus/montage/run0273/00/0A/mBackground_ID0000465.meta,/home/poseidon/workflows/montage-workflow-v3/submit/poseidon/pegasus/montage/run0273/00/0A/mBackground_ID0000460.meta,/home/poseidon/workflows/montage-workflow-v3/submit/poseidon/pegasus/montage/run0273/00/09/mBackground_ID0000305.meta,/home/poseidon/workflows/montage-workflow-v3/submit/poseidon/pegasus/montage/run0273/00/09/mBackground_ID0000463.meta,/home/poseidon/workflows/montage-workflow-v3/submit/poseidon/pegasus/montage/run0273/00/09/mBackground_ID0000147.meta,/home/poseidon/workflows/montage-workflow-v3/submit/poseidon/pegasus/montage/run0273/00/09/mBackground_ID0000141.meta,/home/poseidon/workflows/montage-workflow-v3/submit/poseidon/pegasus/montage/run0273/00/09/mBackground_ID0000140.meta,/home/poseidon/workflows/montage-workflow-v3/submit/poseidon/pegasus/montage/run0273/00/0A/mBackground_ID0000466.meta,/home/poseidon/workflows/montage-workflow-v3/submit/poseidon/pegasus/montage/run0273/00/09/mBackground_ID0000298.meta,/home/poseidon/workflows/montage-workflow-v3/submit/poseidon/pegasus/montage/run0273/00/09/mBackground_ID0000296.meta,/home/poseidon/workflows/montage-workflow-v3/submit/poseidon/pegasus/montage/run0273/00/09/mBackground_ID0000300.meta,/home/poseidon/workflows/montage-workflow-v3/submit/poseidon/pegasus/montage/run0273/00/09/mBackground_ID0000149.meta,/home/poseidon/workflows/montage-workflow-v3/submit/poseidon/pegasus/montage/run0273/00/09/mBackground_ID0000453.meta,/home/poseidon/workflows/montage-workflow-v3/submit/poseidon/pegasus/montage/run0273/00/09/mBackground_ID0000143.meta --insert /home/poseidon/workflows/montage-workflow-v3/submit/poseidon/pegasus/montage/run0273/00/0A/register_insidecontainer_4_4.in",3.1,0,0
register_insidecontainer_4_2,None,auxiliary,0,1669085872.0,,,1669085918.0,1669085918.0,1669085923.0,1669085923.0,1669085928.0,46.0,,0.0,5.0,5.0,,,,,poseidon,local,host-10-100-100-124.openstacklocal,pegasus::rc-client,/home/poseidon/pegasus-5.1.0panorama/bin/pegasus-rc-client,"-n pegasus::rc-client -N null -R local  -L montage -T 2022-10-16T23:19:56+00:00 /home/poseidon/pegasus-5.1.0panorama/bin/pegasus-rc-client --prefix pegasus.catalog.replica.output --conf /home/poseidon/workflows/montage-workflow-v3/submit/poseidon/pegasus/montage/run0273/pegasus.10338789111739614444.properties -v --meta /home/poseidon/workflows/montage-workflow-v3/submit/poseidon/pegasus/montage/run0273/00/09/mBackground_ID0000154.meta,/home/poseidon/workflows/montage-workflow-v3/submit/poseidon/pegasus/montage/run0273/00/0A/mBackground_ID0000458.meta,/home/poseidon/workflows/montage-workflow-v3/submit/poseidon/pegasus/montage/run0273/00/09/mBackground_ID0000297.meta,/home/poseidon/workflows/montage-workflow-v3/submit/poseidon/pegasus/montage/run0273/00/0A/mBackground_ID0000457.meta,/home/poseidon/workflows/montage-workflow-v3/submit/poseidon/pegasus/montage/run0273/00/0A/mBackground_ID0000455.meta,/home/poseidon/workflows/montage-workflow-v3/submit/poseidon/pegasus/montage/run0273/00/09/mBackground_ID0000464.meta,/home/poseidon/workflows/montage-workflow-v3/submit/poseidon/pegasus/montage/run0273/00/09/mBackground_ID0000145.meta,/home/poseidon/workflows/montage-workflow-v3/submit/poseidon/pegasus/montage/run0273/00/09/mBackground_ID0000311.meta,/home/poseidon/workflows/montage-workflow-v3/submit/poseidon/pegasus/montage/run0273/00/09/mBackground_ID0000304.meta,/home/poseidon/workflows/montage-workflow-v3/submit/poseidon/pegasus/montage/run0273/00/09/mBackground_ID0000139.meta,/home/poseidon/workflows/montage-workflow-v3/submit/poseidon/pegasus/montage/run0273/00/09/mBackground_ID0000150.meta,/home/poseidon/workflows/montage-workflow-v3/submit/poseidon/pegasus/montage/run0273/00/09/mBackground_ID0000461.meta,/home/poseidon/workflows/montage-workflow-v3/submit/poseidon/pegasus/montage/run0273/00/0A/mBackground_ID0000454.meta,/home/poseidon/workflows/montage-workflow-v3/submit/poseidon/pegasus/montage/run0273/00/09/mBackground_ID0000302.meta,/home/poseidon/workflows/montage-workflow-v3/submit/poseidon/pegasus/montage/run0273/00/09/mBackground_ID0000153.meta,/home/poseidon/workflows/montage-workflow-v3/submit/poseidon/pegasus/montage/run0273/00/09/mBackground_ID0000148.meta,/home/poseidon/workflows/montage-workflow-v3/submit/poseidon/pegasus/montage/run0273/00/09/mBackground_ID0000299.meta,/home/poseidon/workflows/montage-workflow-v3/submit/poseidon/pegasus/montage/run0273/00/09/mBackground_ID0000152.meta,/home/poseidon/workflows/montage-workflow-v3/submit/poseidon/pegasus/montage/run0273/00/09/mBackground_ID0000306.meta --insert /home/poseidon/workflows/montage-workflow-v3/submit/poseidon/pegasus/montage/run0273/00/0A/register_insidecontainer_4_2.in",3.1,0,0
register_insidecontainer_4_3,None,auxiliary,0,1669085872.0,,,1669085908.0,1669085908.0,1669085913.0,1669085913.0,1669085918.0,36.0,,0.0,5.0,5.0,,,,,poseidon,local,host-10-100-100-124.openstacklocal,pegasus::rc-client,/home/poseidon/pegasus-5.1.0panorama/bin/pegasus-rc-client,"-n pegasus::rc-client -N null -R local  -L montage -T 2022-10-16T23:19:56+00:00 /home/poseidon/pegasus-5.1.0panorama/bin/pegasus-rc-client --prefix pegasus.catalog.replica.output --conf /home/poseidon/workflows/montage-workflow-v3/submit/poseidon/pegasus/montage/run0273/pegasus.10338789111739614444.properties -v --meta /home/poseidon/workflows/montage-workflow-v3/submit/poseidon/pegasus/montage/run0273/00/0A/mBackground_ID0000458.meta,/home/poseidon/workflows/montage-workflow-v3/submit/poseidon/pegasus/montage/run0273/00/09/mBackground_ID0000309.meta,/home/poseidon/workflows/montage-workflow-v3/submit/poseidon/pegasus/montage/run0273/00/0A/mBackground_ID0000467.meta,/home/poseidon/workflows/montage-workflow-v3/submit/poseidon/pegasus/montage/run0273/00/0A/mBackground_ID0000455.meta,/home/poseidon/workflows/montage-workflow-v3/submit/poseidon/pegasus/montage/run0273/00/0A/mBackground_ID0000465.meta,/home/poseidon/workflows/montage-workflow-v3/submit/poseidon/pegasus/montage/run0273/00/09/mBackground_ID0000145.meta,/home/poseidon/workflows/montage-workflow-v3/submit/poseidon/pegasus/montage/run0273/00/09/mBackground_ID0000139.meta,/home/poseidon/workflows/montage-workflow-v3/submit/poseidon/pegasus/montage/run0273/00/09/mBackground_ID0000150.meta,/home/poseidon/workflows/montage-workflow-v3/submit/poseidon/pegasus/montage/run0273/00/09/mBackground_ID0000463.meta,/home/poseidon/workflows/montage-workflow-v3/submit/poseidon/pegasus/montage/run0273/00/09/mBackground_ID0000147.meta,/home/poseidon/workflows/montage-workflow-v3/submit/poseidon/pegasus/montage/run0273/00/09/mBackground_ID0000140.meta,/home/poseidon/workflows/montage-workflow-v3/submit/poseidon/pegasus/montage/run0273/00/09/mBackground_ID0000461.meta,/home/poseidon/workflows/montage-workflow-v3/submit/poseidon/pegasus/montage/run0273/00/09/mBackground_ID0000296.meta,/home/poseidon/workflows/montage-workflow-v3/submit/poseidon/pegasus/montage/run0273/00/09/mBackground_ID0000302.meta,/home/poseidon/workflows/montage-workflow-v3/submit/poseidon/pegasus/montage/run0273/00/09/mBackground_ID0000153.meta,/home/poseidon/workflows/montage-workflow-v3/submit/poseidon/pegasus/montage/run0273/00/09/mBackground_ID0000300.meta,/home/poseidon/workflows/montage-workflow-v3/submit/poseidon/pegasus/montage/run0273/00/09/mBackground_ID0000299.meta,/home/poseidon/workflows/montage-workflow-v3/submit/poseidon/pegasus/montage/run0273/00/09/mBackground_ID0000306.meta,/home/poseidon/workflows/montage-workflow-v3/submit/poseidon/pegasus/montage/run0273/00/09/mBackground_ID0000143.meta --insert /home/poseidon/workflows/montage-workflow-v3/submit/poseidon/pegasus/montage/run0273/00/0A/register_insidecontainer_4_3.in",3.1,0,0
register_insidecontainer_4_1,None,auxiliary,0,1669085872.0,,,1669085898.0,1669085898.0,1669085903.0,1669085903.0,1669085908.0,26.0,,0.0,5.0,5.0,,,,,poseidon,local,host-10-100-100-124.openstacklocal,pegasus::rc-client,/home/poseidon/pegasus-5.1.0panorama/bin/pegasus-rc-client,"-n pegasus::rc-client -N null -R local  -L montage -T 2022-10-16T23:19:56+00:00 /home/poseidon/pegasus-5.1.0panorama/bin/pegasus-rc-client --prefix pegasus.catalog.replica.output --conf /home/poseidon/workflows/montage-workflow-v3/submit/poseidon/pegasus/montage/run0273/pegasus.10338789111739614444.properties -v --meta /home/poseidon/workflows/montage-workflow-v3/submit/poseidon/pegasus/montage/run0273/00/09/mBackground_ID0000154.meta,/home/poseidon/workflows/montage-workflow-v3/submit/poseidon/pegasus/montage/run0273/00/09/mBackground_ID0000297.meta,/home/poseidon/workflows/montage-workflow-v3/submit/poseidon/pegasus/montage/run0273/00/0A/mBackground_ID0000456.meta,/home/poseidon/workflows/montage-workflow-v3/submit/poseidon/pegasus/montage/run0273/00/0A/mBackground_ID0000459.meta,/home/poseidon/workflows/montage-workflow-v3/submit/poseidon/pegasus/montage/run0273/00/0A/mBackground_ID0000457.meta,/home/poseidon/workflows/montage-workflow-v3/submit/poseidon/pegasus/montage/run0273/00/09/mBackground_ID0000464.meta,/home/poseidon/workflows/montage-workflow-v3/submit/poseidon/pegasus/montage/run0273/00/09/mBackground_ID0000303.meta,/home/poseidon/workflows/montage-workflow-v3/submit/poseidon/pegasus/montage/run0273/00/09/mBackground_ID0000307.meta,/home/poseidon/workflows/montage-workflow-v3/submit/poseidon/pegasus/montage/run0273/00/09/mBackground_ID0000142.meta,/home/poseidon/workflows/montage-workflow-v3/submit/poseidon/pegasus/montage/run0273/00/09/mBackground_ID0000311.meta,/home/poseidon/workflows/montage-workflow-v3/submit/poseidon/pegasus/montage/run0273/00/09/mBackground_ID0000304.meta,/home/poseidon/workflows/montage-workflow-v3/submit/poseidon/pegasus/montage/run0273/00/09/mBackground_ID0000310.meta,/home/poseidon/workflows/montage-workflow-v3/submit/poseidon/pegasus/montage/run0273/00/09/mBackground_ID0000462.meta,/home/poseidon/workflows/montage-workflow-v3/submit/poseidon/pegasus/montage/run0273/00/09/mBackground_ID0000308.meta,/home/poseidon/workflows/montage-workflow-v3/submit/poseidon/pegasus/montage/run0273/00/09/mBackground_ID0000146.meta,/home/poseidon/workflows/montage-workflow-v3/submit/poseidon/pegasus/montage/run0273/00/0A/mBackground_ID0000454.meta,/home/poseidon/workflows/montage-workflow-v3/submit/poseidon/pegasus/montage/run0273/00/09/mBackground_ID0000151.meta,/home/poseidon/workflows/montage-workflow-v3/submit/poseidon/pegasus/montage/run0273/00/09/mBackground_ID0000148.meta,/home/poseidon/workflows/montage-workflow-v3/submit/poseidon/pegasus/montage/run0273/00/09/mBackground_ID0000152.meta --insert /home/poseidon/workflows/montage-workflow-v3/submit/poseidon/pegasus/montage/run0273/00/0A/register_insidecontainer_4_1.in",3.1,0,0
mImgtbl_ID0000469,hdd_5,compute,0,1669085872.0,,,1669085878.0,1669085878.0,1669086228.0,1669086228.0,1669086233.0,6.0,,0.0,350.0,5.0,45.0,1578629516.0,4.0,7742.0,poseidon,insidecontainer,poseidon-worker-2-container-20-23,mImgtbl,/opt/Montage/bin/mImgtbl,,0.1,0,0
mAdd_ID0000470,hdd_5,compute,0,1669086233.0,,,1669086238.0,1669086239.0,1669086803.0,1669086803.0,1669086808.0,5.0,,1.0,564.0,5.0,63.0,2427448531.0,10.0,207365760.0,poseidon,insidecontainer,poseidon-worker-2-container-20-23,mAdd,/opt/Montage/bin/mAdd,,1.0,0,0
register_insidecontainer_5_0,None,auxiliary,0,1669086233.0,,,1669086238.0,1669086238.0,1669086243.0,1669086243.0,1669086248.0,5.0,,0.0,5.0,5.0,,,,,poseidon,local,host-10-100-100-124.openstacklocal,pegasus::rc-client,/home/poseidon/pegasus-5.1.0panorama/bin/pegasus-rc-client,"-n pegasus::rc-client -N null -R local  -L montage -T 2022-10-16T23:19:56+00:00 /home/poseidon/pegasus-5.1.0panorama/bin/pegasus-rc-client --prefix pegasus.catalog.replica.output --conf /home/poseidon/workflows/montage-workflow-v3/submit/poseidon/pegasus/montage/run0273/pegasus.10338789111739614444.properties -v --meta /home/poseidon/workflows/montage-workflow-v3/submit/poseidon/pegasus/montage/run0273/00/0A/mImgtbl_ID0000469.meta,/home/poseidon/workflows/montage-workflow-v3/submit/poseidon/pegasus/montage/run0273/00/0A/mImgtbl_ID0000312.meta,/home/poseidon/workflows/montage-workflow-v3/submit/poseidon/pegasus/montage/run0273/00/0A/mImgtbl_ID0000155.meta --insert /home/poseidon/workflows/montage-workflow-v3/submit/poseidon/pegasus/montage/run0273/00/0A/register_insidecontainer_5_0.in",3.0,0,0
mViewer_ID0000472,hdd_5,compute,0,1669086808.0,,,1669086813.0,1669086819.0,1669087078.0,1669087078.0,1669087083.0,5.0,,6.0,259.0,5.0,33.0,1040861632.0,4.0,16756083.0,poseidon,insidecontainer,poseidon-worker-2-container-32-35,mViewer,/opt/Montage/bin/mViewer,,8.7,0,0
stage_out_local_insidecontainer_6_0,None,transfer,0,1669086808.0,,,1669086813.0,1669086813.0,1669086823.0,1669086823.0,1669086828.0,5.0,,0.0,10.0,5.0,,,,,poseidon,local,host-10-100-100-124.openstacklocal,pegasus::transfer,/home/poseidon/pegasus-5.1.0panorama/bin/pegasus-transfer,/home/poseidon/pegasus-5.1.0panorama/bin/../bin/pegasus-kickstart  -n pegasus::transfer -N null -i - -R local  -L montage -T 2022-10-16T23:19:56+00:00 /home/poseidon/pegasus-5.1.0panorama/bin/../bin/pegasus-transfer  --threads 2,2.9,0,0
mViewer_ID0000471,hdd_5,compute,0,1669086808.0,,,1669086813.0,1669086819.0,1669087083.0,1669087083.0,1669087088.0,5.0,,6.0,264.0,5.0,28.0,833495872.0,8.0,7818178.0,poseidon,insidecontainer,poseidon-worker-2-container-20-23,mViewer,/opt/Montage/bin/mViewer,,3.8,0,0
register_insidecontainer_6_0,None,auxiliary,0,1669086828.0,,,1669086833.0,1669086833.0,1669086838.0,1669086838.0,1669086843.0,5.0,,0.0,5.0,5.0,,,,,poseidon,local,host-10-100-100-124.openstacklocal,pegasus::rc-client,/home/poseidon/pegasus-5.1.0panorama/bin/pegasus-rc-client,"-n pegasus::rc-client -N null -R local  -L montage -T 2022-10-16T23:19:56+00:00 /home/poseidon/pegasus-5.1.0panorama/bin/pegasus-rc-client --prefix pegasus.catalog.replica.output --conf /home/poseidon/workflows/montage-workflow-v3/submit/poseidon/pegasus/montage/run0273/pegasus.10338789111739614444.properties -v --meta /home/poseidon/workflows/montage-workflow-v3/submit/poseidon/pegasus/montage/run0273/00/0A/mAdd_ID0000470.meta,/home/poseidon/workflows/montage-workflow-v3/submit/poseidon/pegasus/montage/run0273/00/0A/mAdd_ID0000156.meta,/home/poseidon/workflows/montage-workflow-v3/submit/poseidon/pegasus/montage/run0273/00/0A/mAdd_ID0000313.meta --insert /home/poseidon/workflows/montage-workflow-v3/submit/poseidon/pegasus/montage/run0273/00/0A/register_insidecontainer_6_0.in",2.9,0,0
stage_out_local_insidecontainer_7_0,None,transfer,0,1669087088.0,,,1669087093.0,1669087093.0,1669087098.0,1669087098.0,1669087103.0,5.0,,0.0,5.0,5.0,,,,,poseidon,local,host-10-100-100-124.openstacklocal,pegasus::transfer,/home/poseidon/pegasus-5.1.0panorama/bin/pegasus-transfer,/home/poseidon/pegasus-5.1.0panorama/bin/../bin/pegasus-kickstart  -n pegasus::transfer -N null -i - -R local  -L montage -T 2022-10-16T23:19:56+00:00 /home/poseidon/pegasus-5.1.0panorama/bin/../bin/pegasus-transfer  --threads 2,0.7,0,0
register_insidecontainer_7_0,None,auxiliary,0,1669087103.0,,,1669087108.0,1669087108.0,1669087113.0,1669087113.0,1669087118.0,5.0,,0.0,5.0,5.0,,,,,poseidon,local,host-10-100-100-124.openstacklocal,pegasus::rc-client,/home/poseidon/pegasus-5.1.0panorama/bin/pegasus-rc-client,"-n pegasus::rc-client -N null -R local  -L montage -T 2022-10-16T23:19:56+00:00 /home/poseidon/pegasus-5.1.0panorama/bin/pegasus-rc-client --prefix pegasus.catalog.replica.output --conf /home/poseidon/workflows/montage-workflow-v3/submit/poseidon/pegasus/montage/run0273/pegasus.10338789111739614444.properties -v --meta /home/poseidon/workflows/montage-workflow-v3/submit/poseidon/pegasus/montage/run0273/00/0A/mViewer_ID0000471.meta,/home/poseidon/workflows/montage-workflow-v3/submit/poseidon/pegasus/montage/run0273/00/0A/mViewer_ID0000314.meta,/home/poseidon/workflows/montage-workflow-v3/submit/poseidon/pegasus/montage/run0273/00/0A/mViewer_ID0000472.meta,/home/poseidon/workflows/montage-workflow-v3/submit/poseidon/pegasus/montage/run0273/00/0A/mViewer_ID0000157.meta --insert /home/poseidon/workflows/montage-workflow-v3/submit/poseidon/pegasus/montage/run0273/00/0A/register_insidecontainer_7_0.in",3.0,0,0
cleanup_montage_0_insidecontainer,None,auxiliary,0,1669087103.0,,,1669087108.0,1669087108.0,1669087113.0,1669087113.0,1669087118.0,5.0,,0.0,5.0,5.0,,,,,poseidon,local,host-10-100-100-124.openstacklocal,pegasus::cleanup,/home/poseidon/pegasus-5.1.0panorama/bin/pegasus-transfer,-n pegasus::cleanup -N null -i - -R local  -L montage -T 2022-10-16T23:19:56+00:00 /home/poseidon/pegasus-5.1.0panorama/bin/../bin/pegasus-transfer,0.2,0,0
